path_x0,path_y0,path_distance00,path_x01,path_y01,path_distance01,path_x02,path_y02,path_distance02,path_x03,path_y03,path_distance03,path_x04,path_y04,path_distance04,path_x05,path_y05,path_distance05,path_x06,path_y06,path_distance06,path_x07,path_y07,path_distance07,path_x08,path_y08,path_distance08,path_x09,path_y09,path_distance09,path_x1,path_y1,path_distance1
0,0,0,0,0,0,0,0,0,0,0,0,0,0,0,0,0,0,0,0,0,0,0,0,0,0,0,0,0,0,0,0,0
-2.84019702,0,-1.94914E-06,-2.83954593,0.005549114,0.005547175,-2.839561791,-0.007105837,-0.007107809,-2.83952111,-0.016637819,-0.016640054,-2.839256642,-0.029806649,-0.029810241,-2.838853722,-0.04366401,-0.043671124,-2.838559534,-0.053708097,-0.053719659,-2.838028301,-0.066862727,-0.066883231,-2.837400396,-0.078277892,-0.078309624,-2.836952797,-0.085884313,-0.08592561,-2.836235379,-0.097287635,-0.097346803
-2.470916617,0,-1.96508E-06,-2.463868963,0.004814956,0.004813,-2.46411374,-0.0061663,-0.006168285,-2.464473584,-0.014440275,-0.014442488,-2.463747625,-0.025864538,-0.025867929,-2.462950248,-0.037882291,-0.037888738,-2.463205509,-0.046606061,-0.046616369,-2.463026045,-0.058027835,-0.058045903,-2.462039678,-0.067922481,-0.06795029,-2.461579417,-0.074520471,-0.074556577,-2.461156297,-0.084421793,-0.08447341
-2.101634367,0,-2.0341E-06,-2.088190083,0.004080795,0.004078769,-2.088663778,-0.005226759,-0.005228811,-2.089424151,-0.01224272,-0.012244968,-2.088236695,-0.021922407,-0.021925655,-2.087044857,-0.032100543,-0.032106382,-2.087849572,-0.03950399,-0.039513103,-2.08802188,-0.049192898,-0.049208593,-2.086677046,-0.057567018,-0.057590967,-2.086204124,-0.06315657,-0.063187551,-2.086075303,-0.071555885,-0.071600017
-1.732383644,0,-2.17831E-06,-1.712542473,0.003346695,0.00334454,-1.713245096,-0.004287295,-0.004289513,-1.714406012,-0.010045348,-0.010047749,-1.712757036,-0.017980604,-0.017983853,-1.711170713,-0.026319276,-0.026324678,-1.712524898,-0.03240251,-0.032410621,-1.713048982,-0.040358698,-0.04037224,-1.711345656,-0.047212417,-0.047232751,-1.710860063,-0.051793615,-0.051819734,-1.711025539,-0.058691048,-0.058727988
-1.363181558,0,-2.40763E-06,-1.336943146,0.002612689,0.002610388,-1.337874708,-0.003347953,-0.003350507,-1.339436186,-0.007848259,-0.007851085,-1.337325657,-0.014039307,-0.014042989,-1.335344815,-0.020538751,-0.020544342,-1.337248486,-0.025301943,-0.025309834,-1.338124342,-0.031525635,-0.031538022,-1.336062481,-0.036859146,-0.036877063,-1.335564198,-0.040432119,-0.040454711,-1.336023958,-0.045827865,-0.045859158
-0.994023797,0,-2.72353E-06,-0.961387935,0.001878769,0.001876405,-0.962548442,-0.002408721,-0.002411919,-0.964510491,-0.005651429,-0.005655316,-0.961938381,-0.010098474,-0.01010378,-0.959562985,-0.014758903,-0.014766529,-0.962016139,-0.01820221,-0.018212229,-0.963243745,-0.022693609,-0.022707863,-0.960823299,-0.026507088,-0.026526209,-0.960312298,-0.029071954,-0.029095044,-0.961066302,-0.032966188,-0.032996481
-0.62489581,0,-3.12167E-06,-0.58586257,0.001144908,0.001142729,-0.58725202,-0.001469564,-0.001473931,-0.589614629,-0.003454773,-0.003460994,-0.586580929,-0.006157954,-0.006167352,-0.583810957,-0.008979514,-0.00899299,-0.586813561,-0.01110304,-0.011120014,-0.588392871,-0.013862283,-0.013884567,-0.585613801,-0.016155849,-0.016183509,-0.58509005,-0.017712687,-0.017744394,-0.58613824,-0.020105526,-0.020144127
-0.255785152,0,-3.59413E-06,-0.210354809,0.000411081,0.000409553,-0.21197319,-0.00053045,-0.000536797,-0.214736339,-0.001258221,-0.001268853,-0.211241056,-0.002217619,-0.002235135,-0.208076509,-0.003200396,-0.003225882,-0.211628528,-0.004004202,-0.004035876,-0.213559507,-0.00503137,-0.00507149,-0.210421809,-0.005805094,-0.005852888,-0.209885294,-0.006353949,-0.006407056,-0.211227637,-0.007245463,-0.007306948
-0.113313434,0,-4.1312E-06,-0.165140603,0.000322722,-0.000322912,-0.1632933,-0.000408632,0.000399205,-0.160129627,-0.00093826,0.000920349,-0.164086461,-0.001722587,0.001691458,-0.16764554,-0.002578532,0.002532718,-0.163544099,-0.003094401,0.003037632,-0.161261414,-0.00379925,0.003728217,-0.164757669,-0.004545317,0.004462003,-0.165306905,-0.005004408,0.004912985,-0.163670347,-0.005614168,0.005510576
-0.482407463,0,-4.7231E-06,-0.54063134,0.001056352,-0.001054338,-0.538555119,-0.001347703,0.001333876,-0.534990915,-0.003134712,0.003106091,-0.539409233,-0.005662743,0.005611506,-0.543362726,-0.008357386,0.008281499,-0.538711765,-0.010192911,0.010098929,-0.5360772,-0.012629748,0.012512635,-0.539931814,-0.01489558,0.014758957,-0.540493626,-0.0163626,0.016213341,-0.538562612,-0.018473613,0.018305795
-0.851567679,0,-5.35333E-06,-0.916188298,0.001789559,-0.001784385,-0.913883157,-0.002286939,0.002267307,-0.909918394,-0.005331553,0.005288588,-0.914798063,-0.009603593,0.009525449,-0.91914574,-0.014137251,0.014021181,-0.913945045,-0.017292661,0.017148946,-0.910958242,-0.021461785,0.021282987,-0.915170826,-0.025247633,0.025039464,-0.915744928,-0.027722747,0.027495683,-0.913518974,-0.031335297,0.031080698
-1.220924562,0,-5.98427E-06,-1.291941302,0.002522506,-0.002513262,-1.289407258,-0.003226666,0.003199982,-1.285041918,-0.007529542,0.007469006,-1.290382719,-0.013546498,0.013435471,-1.295124235,-0.019920124,0.019755066,-1.289373549,-0.024396106,0.024191829,-1.28603403,-0.030298409,0.030044548,-1.290604012,-0.035605042,0.035309794,-1.291189989,-0.039088759,0.03876696,-1.28866841,-0.04420365,0.043843281
-1.590570039,0,-6.58704E-06,-1.667981136,0.003256492,-0.003242508,-1.665218232,-0.004167111,0.004132524,-1.660452305,-0.009729213,0.009648918,-1.666253944,-0.017492412,0.017344559,-1.671388852,-0.025707397,0.025487659,-1.665087873,-0.031504959,0.031233191,-1.661395033,-0.039141753,0.038804348,-1.666321627,-0.045970299,0.045578177,-1.666918909,-0.050463365,0.050036187,-1.664100758,-0.057081673,0.056603628
-1.960537839,0,-7.1467E-06,-2.044340834,0.003993312,-0.003974163,-2.041349136,-0.005108357,0.005065388,-2.036182579,-0.011930757,0.011829513,-2.042444645,-0.02144168,0.021254906,-2.047972291,-0.031499574,0.031222206,-2.041120511,-0.038619834,0.038277084,-2.037073447,-0.047992575,0.047567499,-2.042355588,-0.056344283,0.055850652,-2.042963411,-0.061847525,0.061310025,-2.039847459,-0.069970324,0.069369101
-2.330822719,0,-7.65538E-06,-2.421015158,0.004732676,-0.004708121,-2.417794659,-0.006050389,0.005998842,-2.412227349,-0.014134145,0.014011492,-2.418949325,-0.025394243,0.025167766,-2.424868858,-0.037296567,0.036960492,-2.417465588,-0.045740621,0.045325644,-2.413063172,-0.056850731,0.056336582,-2.418699661,-0.066726822,0.066130184,-2.419317183,-0.073241048,0.072591712,-2.415901995,-0.082869392,0.082143279
-2.701398763,0,-8.11011E-06,-2.797978575,0.005468582,-0.005438442,-2.794529298,-0.006993146,0.006932918,-2.788561111,-0.016339225,0.016194925,-2.795742647,-0.029349837,0.029083159,-2.802053251,-0.043097987,0.042702393,-2.794098054,-0.052866846,0.052378589,-2.789339251,-0.065715634,0.065111062,-2.795328828,-0.077117226,0.076415995,-2.79595524,-0.084643176,0.083880316,-2.792239381,-0.095778441,0.094925415
-3.07223703,0,-8.51306E-06,-3.17520259,0.006194149,-0.00615802,-3.171525006,-0.007936555,0.007867238,-3.165155818,-0.018545835,0.018378801,-3.172796791,-0.033308169,0.032999085,-3.179497643,-0.048903406,0.048444905,-3.170990622,-0.059997991,0.059432274,-3.165874702,-0.074586648,0.073886451,-3.172216088,-0.08751475,0.086702806,-3.172850781,-0.0960531,0.095170015,-3.168833576,-0.108697029,0.107709363
-3.443318394,0,-8.86872E-06,-3.552669415,0.006909435,-0.006866468,-3.548764075,-0.008880574,0.008801134,-3.541993776,-0.02075387,0.020561311,-3.550094113,-0.037269054,0.03691206,-3.557184346,-0.054712552,0.054182679,-3.548125855,-0.067133729,0.066479971,-3.542652408,-0.083463368,0.082654253,-3.549344596,-0.097918931,0.096980609,-3.549987206,-0.107470316,0.106449896,-3.54566897,-0.121623965,0.120482296
-3.814636635,0,-9.1824E-06,-3.930374045,0.007620445,-0.007569139,-3.926241481,-0.009825189,0.009733697,-3.919069948,-0.0229633,0.022740028,-3.927629626,-0.04123244,0.040817343,-3.935108688,-0.060525353,0.059908445,-3.925498895,-0.074273966,0.07351252,-3.919667619,-0.092345685,0.091402863,-3.926709952,-0.108329645,0.107235895,-3.927360264,-0.118894696,0.117705039,-3.922741332,-0.134557314,0.133225478
-4.186193966,0,-9.45912E-06,-4.308319465,0.008333571,-0.008271573,-4.303959808,-0.010770407,0.010663774,-4.296386918,-0.025174142,0.024911923,-4.305405968,-0.045198354,0.04470907,-4.313273693,-0.066341856,0.065613332,-4.303112453,-0.081418754,0.080518818,-4.296922991,-0.101233659,0.100118421,-4.30431521,-0.118746977,0.117452133,-4.304973088,-0.130326334,0.128917286,-4.300053309,-0.147496357,0.145917631
-4.557994688,0,-9.70407E-06,-4.68651016,0.009049559,-0.008973515,-4.681923187,-0.011716238,0.011589979,-4.673948812,-0.027386419,0.02707338,-4.68342725,-0.049166839,0.048580389,-4.691683744,-0.072162128,0.071287022,-4.680970724,-0.088568172,0.08748597,-4.674422735,-0.110127391,0.108784692,-4.682164853,-0.129171052,0.127610348,-4.682830175,-0.141765367,0.140065825,-4.677607022,-0.160445411,0.158539365
-4.930041235,0,-9.92109E-06,-5.06494814,0.00976653,-0.009671955,-5.060133594,-0.012662688,0.012510761,-5.051757681,-0.029600143,0.029220237,-5.061695473,-0.053137916,0.052423509,-5.070340946,-0.077986201,0.076917832,-5.059075823,-0.09572226,0.094399418,-5.052169109,-0.119026933,0.11738346,-5.060261245,-0.139601934,0.137689298,-5.060933933,-0.153211867,0.151127344,-5.055401039,-0.173411507,0.17107126
-5.302332967,0,-1.01134E-05,-5.443632272,0.010483291,-0.010364422,-5.438589977,-0.013609753,0.013424363,-5.429812497,-0.031815308,0.031347942,-5.440209713,-0.057111577,0.056229777,-5.449244325,-0.083814061,0.082492931,-5.437426912,-0.102881001,0.101243231,-5.43016145,-0.12793227,0.125894914,-5.438603816,-0.150039607,0.147665768,-5.43928389,-0.164665821,0.16207637,-5.433443941,-0.186398331,0.183487837
-5.674866743,0,-1.02838E-05,-5.822559078,0.011200042,-0.01104974,-5.817288952,-0.014557425,0.014328897,-5.80810991,-0.034031894,0.033451626,-5.818966686,-0.061087785,0.059990068,-5.82839061,-0.089645656,0.087998713,-5.816020896,-0.110044339,0.108000552,-5.808396888,-0.136843335,0.134298005,-5.817189773,-0.160483995,0.15751522,-5.817877374,-0.176127147,0.172886078,-5.811731194,-0.199400197,0.195753246
-6.04763817,0,-1.04353E-05,-6.201724,0.011917252,-0.011726959,-6.196226042,-0.015505693,0.015222407,-6.18664547,-0.036249876,0.03552626,-6.197961994,-0.065066496,0.06369504,-6.207775547,-0.095480923,0.093421165,-6.194853664,-0.1172122,0.114654128,-6.186871521,-0.145760035,0.142571213,-6.196015262,-0.170934991,0.167212684,-6.19671067,-0.187595733,0.183529188,-6.190261853,-0.212410469,0.207830084
-6.420642753,0,-1.05708E-05,-6.581122519,0.012635102,-0.012394837,-6.575396753,-0.016454545,0.016102937,-6.565414689,-0.038469227,0.037566857,-6.577191229,-0.069047662,0.067335339,-6.587394822,-0.101319793,0.098746491,-6.573921124,-0.124384501,0.12118692,-6.565581286,-0.154682274,0.150693559,-6.575076434,-0.18139249,0.176733483,-6.575780025,-0.199071466,0.193978865,-6.569029987,-0.225426169,0.219685349
-6.793876568,0,-1.06932E-05,-6.960750724,0.013353463,-0.013051895,-6.954797168,-0.017403972,0.016968614,-6.944413689,-0.040689924,0.039568514,-6.956650571,-0.073031244,0.07090196,-6.967244679,-0.107162211,0.103961447,-6.953219633,-0.131561164,0.127582663,-6.944522716,-0.163609971,0.158644774,-6.95436995,-0.191856398,0.186054228,-6.955082248,-0.210554248,0.204209504,-6.948030422,-0.238448697,0.231291787
-7.167336459,0,-1.08053E-05,-7.340605437,0.014072215,-0.013696629,-7.33442411,-0.018353967,0.017817542,-7.323639321,-0.042911949,0.04152661,-7.336336888,-0.077017209,0.074386458,-7.347322043,-0.113008127,0.109053623,-7.33274617,-0.138742128,0.133826148,-7.323692923,-0.172543058,0.166406028,-7.333893053,-0.202326639,0.195153156,-7.334614669,-0.222043999,0.214197525,-7.327261357,-0.251479651,0.242624406
-7.541019902,0,-1.09098E-05,-7.720684062,0.014791348,-0.014327853,-7.714274961,-0.019304521,0.018648084,-7.703088942,-0.045135287,0.04343687,-7.716247558,-0.081005529,0.077781054,-7.727624327,-0.118857503,0.114011666,-7.712498165,-0.14592737,0.139903469,-7.703089462,-0.181481478,0.173960145,-7.713643387,-0.21280315,0.204010423,-7.714374987,-0.233540649,0.223921408,-7.706721739,-0.264519094,0.253659231
-7.914924635,0,-1.10092E-05,-8.100984243,0.015510893,-0.014944492,-8.09434736,-0.02025563,0.019458722,-8.082760193,-0.047359923,0.045295492,-8.096380189,-0.084996179,0.081078673,-8.108149167,-0.124710302,0.118825361,-8.092473247,-0.153116883,0.145802133,-8.082710052,-0.190425176,0.181291745,-8.093618732,-0.223285868,0.212608293,-8.094361015,-0.245044132,0.233361942,-8.086409235,-0.277566461,0.264374238
-8.289048426,0,-1.11056E-05,-8.481503646,0.016230866,-0.015545553,-8.474638971,-0.021207287,0.020248064,-8.462650754,-0.049585844,0.047099031,-8.476732435,-0.088989134,0.084273073,-8.488894216,-0.130566488,0.123485647,-8.472669112,-0.1603106,0.151511027,-8.462552372,-0.199374098,0.188387286,-8.473816786,-0.233774731,0.22093119,-8.474570462,-0.256554379,0.242502284,-8.466321357,-0.290621365,0.274750279
-8.663388991,0,-1.1201E-05,-8.862239889,0.016951258,-0.016130128,-8.855147419,-0.022159488,0.02101487,-8.842758259,-0.051813037,0.048844431,-8.857301928,-0.092984371,0.087358773,-8.869857041,-0.136426024,0.127984564,-8.853083383,-0.167508344,0.157020342,-8.842613967,-0.208328186,0.195235033,-8.854235076,-0.244269669,0.228965644,-8.85500084,-0.268071315,0.251327893,-8.846455537,-0.303683775,0.284771198
-9.037944019,0,-1.12969E-05,-9.243190581,0.017672054,-0.016697406,-9.23587032,-0.023112224,0.021758044,-9.223080326,-0.054041486,0.050529026,-9.238086278,-0.096981863,0.090330994,-9.251035211,-0.142288872,0.132315326,-9.233713468,-0.174709982,0.162321633,-9.222892291,-0.217287379,0.201824965,-9.234870992,-0.254770611,0.236700187,-9.235649501,-0.279594858,0.259826405,-9.226809002,-0.31675373,0.2944234
-9.412711275,0,-1.13945E-05,-9.624353413,0.018393248,-0.01724668,-9.616805372,-0.024065492,0.022476624,-9.60361465,-0.05627118,0.052150517,-9.619083148,-0.100981586,0.093185647,-9.632426346,-0.148154995,0.13647212,-9.614556748,-0.18191571,0.16740814,-9.603384804,-0.22625162,0.208148675,-9.6157219,-0.265277484,0.244125213,-9.616513746,-0.291124928,0.267987485,-9.607379043,-0.329831181,0.303695467
-9.787688682,0,-1.14951E-05,-10.00572625,0.019114838,-0.017777342,-9.997950439,-0.025019285,0.023169777,-9.984359082,-0.058502104,0.053706951,-10.00029034,-0.104983517,0.09591929,-10.01402819,-0.154024359,0.140450067,-9.995611014,-0.189125933,0.172274485,-9.984089067,-0.235220848,0.2141992,-9.996785252,-0.275790218,0.251232827,-9.997590951,-0.302661445,0.275802619,-9.988162983,-0.342916,0.312578018
-10.16287438,0,-1.15994E-05,-10.38730715,0.019836823,-0.018288863,-10.3793036,-0.025973599,0.023836787,-10.36531168,-0.060734248,0.055196683,-10.38170587,-0.108987635,0.098529075,-10.39583868,-0.159896933,0.144245153,-10.37687426,-0.196340783,0.176916071,-10.36500282,-0.244195013,0.219970954,-10.37805868,-0.286308748,0.258016632,-10.37887866,-0.314204334,0.283264908,-10.36915821,-0.356008068,0.321063545
-10.5382667,0,-1.17078E-05,-10.76909442,0.020559199,-0.018780785,-10.76086313,-0.026928429,0.024477037,-10.74647072,-0.062967602,0.056618343,-10.76332792,-0.112993921,0.101012681,-10.77785594,-0.165772687,0.147854146,-10.75834609,-0.20355878,0.181327644,-10.74612405,-0.253174065,0.225459551,-10.75954001,-0.296833013,0.26447155,-10.76037462,-0.325753528,0.290368864,-10.7503623,-0.369107302,0.329146148
-10.9138642,0,-1.18207E-05,-11.15108652,0.021281963,-0.019252713,-11.14262751,-0.027883772,0.025089998,-11.12783467,-0.065202156,0.057970803,-11.14515493,-0.117002358,0.103368254,-11.16007832,-0.171651595,0.151274502,-11.14002296,-0.210777797,0.185504224,-11.12745093,-0.262157962,0.230661586,-11.14122729,-0.30736296,0.270593611,-11.14207679,-0.337308965,0.297110211,-11.13177308,-0.382213637,0.336821263
-11.28966558,0,-1.19382E-05,-11.53328212,0.022005112,-0.019704306,-11.52459541,-0.028839625,0.025675219,-11.50940217,-0.067437903,0.059253147,-11.5271855,-0.121012932,0.105594384,-11.54250434,-0.177533636,0.154504287,-11.52190061,-0.217999899,0.189445808,-11.50898182,-0.271146666,0.23557457,-11.52311877,-0.31789854,0.276379945,-11.52398336,-0.34887059,0.30348573,-11.51338858,-0.395327011,0.34408544
-11.66566973,0,-1.20601E-05,-11.91568004,0.022728643,-0.020135275,-11.90676564,-0.029795983,0.026232318,-11.89117205,-0.069674836,0.060464645,-11.90941842,-0.125025632,0.107690017,-11.92513271,-0.183418789,0.157542129,-11.90397908,-0.225232176,0.193158026,-11.89071527,-0.280140142,0.24019684,-11.90521289,-0.328439711,0.281828541,-11.90609267,-0.360438352,0.309493153,-11.89520703,-0.40844736,0.350936187
-12.04187567,0,-1.21862E-05,-12.29827928,0.023452555,-0.020545374,-12.28913722,-0.030752846,0.026760977,-12.2731433,-0.071912949,0.061604735,-12.29185262,-0.129040449,0.109654422,-12.30796233,-0.189307038,0.160387183,-12.28625379,-0.232479745,0.196645275,-12.27264999,-0.28913836,0.244527484,-12.28750828,-0.338986435,0.286938196,-12.28840328,-0.372012209,0.315131043,-12.27722686,-0.42157463,0.357371873
-12.41828262,0,-1.23161E-05,-12.68107901,0.024176846,-0.020934397,-12.6717093,-0.031710211,0.027260931,-12.65531508,-0.074152237,0.062673012,-12.67448726,-0.133057368,0.111487171,-12.69099227,-0.195198367,0.163039093,-12.66873469,-0.239741344,0.199905908,-12.65478491,-0.298141295,0.248566306,-12.67000377,-0.349538678,0.291708487,-12.67091391,-0.38359212,0.320398868,-12.6594467,-0.434708771,0.36339167
-12.79488998,0,-1.24493E-05,-13.06407859,0.024901516,-0.021302182,-13.05448125,-0.032668074,0.027731974,-13.03768672,-0.076392696,0.063669218,-13.05732162,-0.137076371,0.113188117,-13.07422176,-0.201092766,0.16549799,-13.05141775,-0.247008976,0.202932394,-13.03711913,-0.307148925,0.25231379,-13.05269834,-0.360096414,0.296139747,-13.05362354,-0.395178056,0.325296845,-13.04186536,-0.447849744,0.368995534
-13.17169729,0,-1.25851E-05,-13.44727755,0.025626563,-0.021648602,-13.4374526,-0.033626436,0.028173952,-13.42025776,-0.078634323,0.064593246,-13.44035519,-0.141097457,0.114757402,-13.45765024,-0.206990226,0.167764488,-13.43429993,-0.254277854,0.205720962,-13.41965196,-0.316161234,0.255771091,-13.4355912,-0.370659621,0.300233054,-13.43653128,-0.40676999,0.329825939,-13.42448189,-0.460997516,0.374184204
-13.54870427,0,-1.27228E-05,-13.83067559,0.026351986,-0.021973573,-13.82062304,-0.034585298,0.028586771,-13.80302788,-0.080877116,0.065445141,-13.82358762,-0.145120654,0.116195472,-13.84127731,-0.21289074,0.16983967,-13.8173802,-0.261548677,0.208273848,-13.80238288,-0.32517821,0.258940025,-13.81868175,-0.381228281,0.30399023,-13.81963648,-0.418367901,0.333987886,-13.80729549,-0.474152061,0.378959219
-13.9259108,0,-1.28615E-05,-14.21427254,0.027077786,-0.022277049,-14.20399243,-0.035544662,0.02897039,-14.18599691,-0.083121076,0.066225094,-14.20701874,-0.14914599,0.117503045,-14.22510274,-0.218794305,0.171725089,-14.20065771,-0.268823249,0.210594943,-14.18531157,-0.334199845,0.261823066,-14.20196958,-0.391802383,0.307413849,-14.20293864,-0.429971775,0.337785206,-14.19030559,-0.487313357,0.383322951
-14.30331687,0,-1.30006E-05,-14.59806841,0.027803962,-0.022559027,-14.58756074,-0.036504523,0.029324818,-14.56916482,-0.0853662,0.066933458,-14.59064853,-0.153173404,0.118681045,-14.60912644,-0.224700919,0.173422773,-14.58413311,-0.276102332,0.212687623,-14.56843785,-0.343226136,0.264423352,-14.58545444,-0.402381922,0.31050724,-14.58643744,-0.441581602,0.341221219,-14.57351177,-0.500481392,0.387278638
-14.68092259,0,-1.3139E-05,-14.98206329,0.028530515,-0.022819546,-14.97132809,-0.037464872,0.02965012,-14.95253173,-0.087612491,0.067570738,-14.97447706,-0.157202771,0.119730621,-14.99334846,-0.230610584,0.17493521,-14.96780696,-0.283385472,0.214554601,-14.95176168,-0.352257081,0.266744681,-14.96913624,-0.412966893,0.313274497,-14.97013274,-0.453197378,0.344300078,-14.95691381,-0.513656157,0.390830412
-15.05872818,0,-1.32762E-05,-15.36625738,0.029257445,-0.023058684,-15.35529467,-0.038425707,0.02994642,-15.33609782,-0.089859948,0.068137593,-15.35850447,-0.161234044,0.120653297,-15.37776895,-0.236523302,0.176265342,-15.35167918,-0.290672224,0.216199137,-15.33528316,-0.361292682,0.268791501,-15.35301502,-0.423557299,0.31572047,-15.35402456,-0.464819103,0.347026757,-15.34051162,-0.526837649,0.393983322
-15.43673393,0,-1.34112E-05,-15.75065099,0.029984752,-0.023276563,-15.73946077,-0.039387054,0.030213928,-15.71986338,-0.092108574,0.068634831,-15.74273093,-0.165267591,0.121451311,-15.76238817,-0.242439076,0.177416545,-15.7357497,-0.297962586,0.21762546,-15.71900248,-0.370332944,0.270568899,-15.73709094,-0.434153144,0.317850758,-15.738113,-0.47644678,0.349407005,-15.72430522,-0.540025869,0.396743336
-15.81494017,0,-1.35433E-05,-16.13524445,0.030712438,-0.023473343,-16.12382673,-0.040348956,0.030452926,-16.10382874,-0.094358372,0.069063406,-16.12715661,-0.169303998,0.122127412,-16.14720642,-0.248357911,0.178392611,-16.12001888,-0.305256695,0.218838422,-16.1029199,-0.379377874,0.272082578,-16.12136421,-0.444754432,0.319671693,-16.12239827,-0.488080417,0.351447454,-16.10829477,-0.553220822,0.399117349
-16.19334727,0,-1.36718E-05,-16.52003811,0.031440502,-0.023649223,-16.50839294,-0.041311379,0.03066367,-16.48799426,-0.096609341,0.069424412,-16.5117828,-0.173342762,0.122683534,-16.53222405,-0.254279813,0.179197733,-16.50448707,-0.312554631,0.219843293,-16.48703572,-0.388427477,0.273338833,-16.5058351,-0.455361174,0.321190313,-16.50688063,-0.499720019,0.353155541,-16.49248045,-0.566422516,0.401113167
-16.57195559,0,-1.3796E-05,-16.90503235,0.032168945,-0.023804441,-16.89315973,-0.042274181,0.030846361,-16.8723603,-0.098861486,0.069719077,-16.89660941,-0.177381916,0.123120434,-16.91744138,-0.260204787,0.179836472,-16.88915465,-0.319856384,0.220645689,-16.87135024,-0.397481762,0.274344514,-16.89050393,-0.465973375,0.322414365,-16.89156035,-0.511365596,0.354539462,-16.8768625,-0.579630956,0.40273948
-16.95076546,0,-1.39153E-05,-17.29022748,0.032897769,-0.023939266,-17.27812743,-0.043237298,0.031001326,-17.25692718,-0.101114808,0.069948738,-17.28163645,-0.181420565,0.123440195,-17.30285872,-0.266132837,0.180313719,-17.2740219,-0.327161921,0.221251604,-17.25586376,-0.406540736,0.275106982,-17.27537099,-0.476591045,0.323352192,-17.27643771,-0.523017157,0.355608121,-17.26144116,-0.592846153,0.404005815
-17.32977717,0,-1.40292E-05,-17.67562383,0.033626974,-0.024054004,-17.66329633,-0.044201024,0.031129293,-17.64169519,-0.103369308,0.070114848,-17.66686258,-0.18546282,0.123650153,-17.68847639,-0.272063968,0.180634658,-17.65908911,-0.33447124,0.221667414,-17.64057658,-0.415604404,0.275634055,-17.66043653,-0.487214192,0.324012666,-17.66151298,-0.534674709,0.356371071,-17.64621666,-0.606068114,0.404922474
-17.70899103,0,-1.41373E-05,-18.06122166,0.03435656,-0.024148987,-18.04866667,-0.045165865,0.031231242,-18.02666462,-0.105624988,0.070218958,-18.05228571,-0.189515962,0.123761028,-18.07429465,-0.277998184,0.180804728,-18.04435656,-0.341784356,0.221899833,-18.02548896,-0.424672775,0.275933954,-18.04570085,-0.497842821,0.324405205,-18.04678643,-0.546338261,0.356838437,-18.03118928,-0.619296849,0.405500518
-18.08840727,0,-1.42393E-05,-18.44702124,0.035086527,-0.024224574,-18.43423885,-0.04613174,0.031307602,-18.41183572,-0.10788185,0.070262699,-18.43791294,-0.193584003,0.123780352,-18.46031377,-0.28393549,0.180829579,-18.42982451,-0.349101281,0.221955823,-18.41060117,-0.433745853,0.276015238,-18.43116419,-0.508476942,0.324539654,-18.43225833,-0.558007821,0.357020851,-18.41635929,-0.632532366,0.405751701
-18.46802612,0,-1.43347E-05,-18.83302278,0.035816877,-0.024281149,-18.82001324,-0.047096882,0.031357148,-18.79720871,-0.110139895,0.070247767,-18.82374252,-0.197660989,0.123705938,-18.84653398,-0.289875889,0.18071503,-18.81549319,-0.35642202,0.22184254,-18.79591346,-0.442823645,0.275886742,-18.81682682,-0.51911656,0.324426216,-18.81792893,-0.569683395,0.356929362,-18.80172697,-0.645774675,0.405688357
-18.84784779,0,-1.44235E-05,-19.2192265,0.036547609,-0.024319113,-19.20598975,-0.048059738,0.031378892,-19.18278381,-0.112399124,0.070175908,-19.20977587,-0.201740019,0.123534734,-19.23295549,-0.295819384,0.180467027,-19.20136284,-0.363746573,0.221567297,-19.1814261,-0.451906157,0.275557571,-19.202689,-0.529761684,0.324075367,-19.20379846,-0.581364993,0.356575359,-19.18729257,-0.659023787,0.40532328
-19.22787243,0,-1.45055E-05,-19.60563255,0.037278724,-0.024338883,-19.5921681,-0.049023476,0.031376592,-19.56856117,-0.114659538,0.070048909,-19.59601145,-0.205818323,0.12326794,-19.61957849,-0.301765978,0.180091598,-19.58743365,-0.371074943,0.221137508,-19.56713928,-0.460993394,0.275036869,-19.58875096,-0.540412319,0.323497773,-19.58986719,-0.59305262,0.355970475,-19.57305638,-0.672279708,0.404669607
-19.6081002,0,-1.45806E-05,-19.99224108,0.038010222,-0.024340888,-19.97854871,-0.049994746,0.031357503,-19.95454094,-0.116921138,0.06986858,-19.98244825,-0.209897725,0.122911405,-20.00640315,-0.307715673,0.179594812,-19.97370579,-0.378407135,0.220560636,-19.95305319,-0.47008536,0.274333893,-19.97501292,-0.551068472,0.322704224,-19.97613534,-0.604746285,0.355126502,-19.95901865,-0.68554245,0.403740711
-19.98853122,0,-1.46488E-05,-20.3790522,0.038742103,-0.02432557,-20.36513114,-0.050980084,0.031328779,-20.34072324,-0.119183925,0.069636745,-20.36908686,-0.213979885,0.122470827,-20.3934296,-0.313668473,0.178982739,-20.36017942,-0.385743152,0.219844146,-20.33916802,-0.479182059,0.273457924,-20.36147507,-0.561730147,0.321705549,-20.36260313,-0.616445993,0.354055297,-20.34517965,-0.69881202,0.402550087
-20.36916556,0,-1.47104E-05,-20.76606601,0.039474368,-0.024293372,-20.75191722,-0.05197379,0.031285338,-20.72710815,-0.121447899,0.069355229,-20.75592802,-0.218064733,0.121950177,-20.78065796,-0.319624378,0.178261412,-20.74685466,-0.393082996,0.218995449,-20.72548392,-0.488283496,0.272418181,-20.74813761,-0.572397351,0.320512542,-20.74927076,-0.628151752,0.352768719,-20.7315396,-0.712088427,0.401111256
-20.7500033,0,-1.47656E-05,-21.15328257,0.040207017,-0.024244744,-21.13890656,-0.052969084,0.031221031,-21.11369574,-0.123713061,0.069025848,-21.1429717,-0.222151791,0.121353007,-21.16808833,-0.32558339,0.177436787,-21.13373164,-0.400426669,0.218021864,-21.11200104,-0.497389673,0.271223773,-21.13500067,-0.583070087,0.319135891,-21.13613842,-0.639863566,0.351278534,-21.11809874,-0.725371679,0.399437669
-21.13104449,0,-1.48147E-05,-21.54070192,0.040940049,-0.024180135,-21.52609878,-0.053962179,0.031132697,-21.50048605,-0.12597941,0.068650397,-21.53021784,-0.226240791,0.120683031,-21.55572077,-0.33154551,0.176514721,-21.52081046,-0.407774173,0.216930628,-21.49871951,-0.506500594,0.269883642,-21.52206442,-0.593748359,0.317586129,-21.52320628,-0.65158144,0.349596346,-21.50485728,-0.738661783,0.397542632
-21.51228914,0,-1.4858E-05,-21.92832408,0.041673465,-0.024099993,-21.91349361,-0.054954263,0.03102215,-21.8874791,-0.128246948,0.068230639,-21.9176664,-0.230331821,0.119944258,-21.94355534,-0.337510739,0.175500931,-21.90809118,-0.41512551,0.215728712,-21.88563943,-0.515616261,0.26840652,-21.90932897,-0.604432171,0.315873571,-21.91047448,-0.66330538,0.347733539,-21.89181542,-0.751958745,0.395439234
-21.89373724,0,-1.4896E-05,-22.31614904,0.042407264,-0.024004762,-22.30109116,-0.055947283,0.030891954,-22.27467489,-0.130515673,0.067768299,-22.30531743,-0.234425019,0.119140658,-22.33159207,-0.343479077,0.174400978,-22.29557385,-0.42248068,0.214422917,-22.27276086,-0.524736676,0.266800891,-22.29679442,-0.615121526,0.314008268,-22.29794315,-0.675035388,0.345701224,-22.27897332,-0.765262572,0.39314027
-22.2753888,0,-1.49292E-05,-22.70417679,0.043141448,-0.023894878,-22.68889156,-0.056941514,0.03074299,-22.6620734,-0.132785586,0.067265058,-22.69317095,-0.238520405,0.118275982,-22.71983098,-0.349450525,0.173220241,-22.6832585,-0.429839685,0.213019832,-22.66008386,-0.533861839,0.265074959,-22.68446087,-0.625816425,0.311999963,-22.6856124,-0.686771469,0.343510189,-22.66633114,-0.778573269,0.390658193
-22.65724375,0,-1.49583E-05,-23.09240729,0.043876015,-0.023770773,-23.07689476,-0.057936403,0.030575305,-23.0496746,-0.135056687,0.066722541,-23.08122695,-0.242617938,0.117353807,-23.10827205,-0.355425083,0.171963901,-23.07114515,-0.437202523,0.211525789,-23.04760847,-0.542991752,0.26323662,-23.07232837,-0.636516872,0.309858062,-23.07348232,-0.698513625,0.341170863,-23.05388901,-0.791890839,0.388005067
-23.03930207,0,-1.49838E-05,-23.48084047,0.044610965,-0.023632867,-23.46510066,-0.058931625,0.030389152,-23.43747844,-0.137328975,0.066142319,-23.46948538,-0.246717595,0.116377599,-23.49691527,-0.36140275,0.170636924,-23.45923379,-0.444569196,0.209946846,-23.43533469,-0.552126415,0.261293445,-23.46039698,-0.647222866,0.307591598,-23.46155298,-0.710261858,0.338693276,-23.44164704,-0.805215288,0.385192528
-23.42156367,0,-1.50064E-05,-23.86947628,0.045346299,-0.02348157,-23.8535092,-0.059927238,0.030185158,-23.82548485,-0.13960245,0.065525899,-23.85794618,-0.25081938,0.115350712,-23.88576061,-0.367383525,0.169244054,-23.84752442,-0.451939703,0.208288774,-23.82326253,-0.561265829,0.259252655,-23.84866672,-0.657934409,0.30520921,-23.84982444,-0.72201617,0.336087036,-23.82960533,-0.818546619,0.382231747
-23.80402848,0,-1.50267E-05,-24.25831462,0.046082016,-0.023317281,-24.24212027,-0.060923381,0.029964012,-24.21369375,-0.141877112,0.064874723,-24.24660929,-0.254923302,0.114276361,-24.27480805,-0.373367409,0.167789852,-24.23601701,-0.459314044,0.206557046,-24.21139199,-0.570409992,0.257121117,-24.23713762,-0.668651502,0.302719121,-24.23829674,-0.733776562,0.333361303,-24.21776396,-0.831884834,0.379133408
-24.1866964,0,-1.50455E-05,-24.64735541,0.046818116,-0.023140387,-24.63093381,-0.0619201,0.029726291,-24.60210506,-0.144152959,0.064190165,-24.63547464,-0.259029363,0.113157603,-24.66405752,-0.3793544,0.166278541,-24.6247115,-0.466692217,0.204756833,-24.59972303,-0.579558904,0.254905325,-24.62580967,-0.679374144,0.300129124,-24.62696991,-0.745543034,0.330524771,-24.60612301,-0.845229935,0.375907677
-24.56956735,0,-1.50635E-05,-25.03659854,0.047554599,-0.02295126,-25.0199497,-0.062917352,0.029472466,-24.99071866,-0.146429992,0.063473533,-25.02454214,-0.26313756,0.111997332,-25.05350893,-0.385344498,0.164714136,-25.01360784,-0.474074221,0.202893,-24.98825562,-0.588712565,0.252611395,-25.01468288,-0.690102335,0.29744657,-25.01584395,-0.757315588,0.327585654,-24.9946825,-0.858581924,0.372564186
-24.95264122,0,-1.50814E-05,-25.4260439,0.048291465,-0.02275026,-25.40916785,-0.06391511,0.029202999,-25.37953447,-0.14870821,0.062726061,-25.4138117,-0.26724789,0.110798285,-25.44316222,-0.3913377,0.163100417,-25.40270596,-0.481460056,0.200970106,-25.37698973,-0.597870974,0.250245062,-25.40375722,-0.700836076,0.294678361,-25.40491887,-0.769094224,0.324551673,-25.3834425,-0.871940804,0.369112017
-25.33591788,0,-1.50998E-05,-25.81569137,0.049028713,-0.022537732,-25.79858812,-0.064913376,0.028918367,-25.76855236,-0.150987611,0.061948913,-25.80328322,-0.271360352,0.109563045,-25.83301728,-0.397334006,0.161440871,-25.79200577,-0.488849719,0.198992405,-25.76592529,-0.607034129,0.247811679,-25.79303267,-0.711575364,0.291830944,-25.79419467,-0.78087894,0.321430057,-25.77240301,-0.885306573,0.365559689
-25.71939723,0,-1.51194E-05,-26.20554084,0.049766343,-0.022314006,-26.1882104,-0.065912159,0.028619028,-26.15777222,-0.153268197,0.061143182,-26.19295659,-0.275474944,0.108294031,-26.22307401,-0.403333414,0.159738782,-26.18150719,-0.496243209,0.196963846,-26.15506224,-0.616202028,0.245316212,-26.18250918,-0.7223202,0.288910309,-26.18367131,-0.792669737,0.318227528,-26.16156406,-0.898679234,0.361915153
-26.10307913,0,-1.51409E-05,-26.59559217,0.050504355,-0.022079396,-26.57803456,-0.066911464,0.028305415,-26.54719393,-0.155549964,0.060309889,-26.58283171,-0.279591668,0.10699351,-26.61333235,-0.409335922,0.157997197,-26.57121014,-0.503640524,0.194888081,-26.54440052,-0.62537467,0.242763248,-26.57218672,-0.733070581,0.285921993,-26.57334879,-0.804466614,0.31495031,-26.55092565,-0.912058785,0.358185783
-26.48696348,0,-1.51649E-05,-26.98584525,0.051242749,-0.021834203,-26.96806048,-0.067911288,0.027977933,-26.93681737,-0.157832914,0.059449987,-26.97290845,-0.28371052,0.105663585,-27.00379218,-0.41534153,0.156218887,-26.96111451,-0.511041663,0.192768462,-26.93394005,-0.634552054,0.240156996,-26.96206524,-0.743826507,0.282871081,-26.96322706,-0.816269569,0.311604128,-26.94048777,-0.925445228,0.354378376
-26.87105014,0,-1.51918E-05,-27.37629994,0.051981525,-0.021578711,-27.35828803,-0.068911628,0.027636965,-27.3266424,-0.160117045,0.058564362,-27.36318671,-0.2878315,0.104306208,-27.3944534,-0.421350235,0.154406389,-27.35122021,-0.518446624,0.190608055,-27.32368076,-0.643734178,0.237501294,-27.35214467,-0.754587976,0.279762215,-27.35330609,-0.828078602,0.308194213,-27.33025043,-0.938838562,0.350499156
-27.255339,0,-1.52223E-05,-27.76695611,0.052720681,-0.021313191,-27.74871709,-0.069912483,0.027282874,-27.71666892,-0.162402357,0.057653831,-27.75366637,-0.291954607,0.102923179,-27.7853159,-0.427362036,0.152562013,-27.74152713,-0.525855404,0.188409601,-27.71362257,-0.652921039,0.23479962,-27.74242496,-0.765354986,0.276599605,-27.74358584,-0.839893712,0.304725315,-27.72021359,-0.952238785,0.346553782
-27.63982993,0,-1.52567E-05,-28.15781364,0.053460219,-0.021037896,-28.13934752,-0.070913855,0.026916006,-28.10689679,-0.164688848,0.05671915,-28.14434732,-0.296079839,0.101516148,-28.17637954,-0.433376931,0.150687853,-28.13203515,-0.533268001,0.186175615,-28.10376538,-0.662112637,0.232055098,-28.13290605,-0.776127535,0.273387038,-28.13406624,-0.851714896,0.30120171,-28.11037724,-0.965645898,0.342547356
-28.0245228,0,-1.52954E-05,-28.54887241,0.054200137,-0.020753068,-28.5301792,-0.071915742,0.026536683,-28.4973259,-0.166976519,0.055761007,-28.53522943,-0.300207196,0.100086622,-28.56764421,-0.439394918,0.148785793,-28.52274418,-0.540684414,0.183908363,-28.49410913,-0.671308968,0.229270518,-28.52358787,-0.786905622,0.270127894,-28.52474725,-0.863542153,0.297627223,-28.50074135,-0.979059899,0.338484446
-28.40941751,0,-1.53386E-05,-28.94013228,0.054940436,-0.020458932,-28.92121201,-0.072918146,0.026145209,-28.88795611,-0.169265368,0.054780032,-28.9263126,-0.304336675,0.098635965,-28.95910981,-0.445415996,0.146857517,-28.91365414,-0.548104641,0.181609826,-28.8846537,-0.68051003,0.226448297,-28.91447034,-0.797689245,0.266825167,-28.91562882,-0.875375482,0.294005239,-28.89130587,-0.992480787,0.334369096
-28.79451393,0,-1.53865E-05,-29.33159315,0.055681115,-0.020155702,-29.31244584,-0.073921065,0.025741868,-29.27878731,-0.171555394,0.053776804,-29.31759671,-0.308468276,0.097165408,-29.35077624,-0.451440162,0.144904512,-29.30476491,-0.55552868,0.179281741,-29.27539899,-0.689715821,0.223590615,-29.3055534,-0.808478402,0.263481477,-29.30671087,-0.88721488,0.290338727,-29.28207077,-1.00590856,0.330204859
-29.17981197,0,-1.54393E-05,-29.7232549,0.056422174,-0.019843579,-29.70388056,-0.074924499,0.025326928,-29.66981941,-0.173846598,0.052751844,-29.70908165,-0.312601997,0.09567602,-29.74264338,-0.457467415,0.142928083,-29.69607639,-0.562956528,0.176925625,-29.66634494,-0.69892634,0.220699358,-29.69683694,-0.81927309,0.260099051,-29.69799335,-0.899060346,0.286630263,-29.67303601,-1.019343218,0.325994813
-29.5653115,0,-1.54971E-05,-30.11511741,0.057163613,-0.01952275,-30.09551608,-0.075928447,0.024900638,-30.06105228,-0.176138978,0.051705623,-30.10076732,-0.316737838,0.094168742,-30.13471116,-0.463497755,0.140929352,-30.08758847,-0.570388185,0.174542786,-30.05749146,-0.708141584,0.217776116,-30.0883209,-0.830073306,0.256679859,-30.08947617,-0.910911876,0.282882011,-30.06420153,-1.032784757,0.321741595
-29.95101244,0,-1.55597E-05,-30.50718059,0.057905432,-0.019193394,-30.48735227,-0.07693291,0.024463235,-30.45248583,-0.178432534,0.050638567,-30.49265361,-0.320875798,0.092644412,-30.52697946,-0.469531178,0.138909277,-30.47930106,-0.577823647,0.172134334,-30.44883846,-0.717361551,0.214822231,-30.48000521,-0.84087905,0.25322556,-30.48115927,-0.92276947,0.279095842,-30.45556729,-1.046233178,0.317447415
-30.33691467,0,-1.56272E-05,-30.89944433,0.05864763,-0.018855676,-30.87938904,-0.077937887,0.024014938,-30.84411994,-0.180727265,0.049551066,-30.88474043,-0.325015875,0.091103757,-30.91944819,-0.475567685,0.13686866,-30.87121407,-0.585262914,0.169701195,-30.84038586,-0.726586239,0.211838819,-30.87188979,-0.851690319,0.249737509,-30.87304257,-0.934633125,0.275273326,-30.84713319,-1.059688476,0.313114072
-30.72301812,0,-1.56992E-05,-31.29190854,0.059390208,-0.018509755,-31.27162631,-0.078943378,0.023555955,-31.23595453,-0.183023171,0.048443473,-31.2770277,-0.329158068,0.089547413,-31.31211727,-0.481607273,0.134808164,-31.26332742,-0.592705983,0.167244129,-31.23213355,-0.735815646,0.208826791,-31.26397458,-0.862507111,0.246216809,-31.26512603,-0.946502839,0.271415707,-31.2388992,-1.07315065,0.308743097
-31.1093227,0,-1.57756E-05,-31.68457312,0.060133164,-0.018155779,-31.66406396,-0.079949383,0.023086482,-31.6279895,-0.185320251,0.047316113,-31.66951531,-0.333302377,0.087975937,-31.7049866,-0.48764994,0.132728325,-31.65564102,-0.600152854,0.164763744,-31.62408146,-0.745049771,0.205786873,-31.65625948,-0.873329424,0.242664334,-31.65740957,-0.95837861,0.267523965,-31.63086527,-1.086619699,0.304335659
-31.49582833,0,-1.5856E-05,-32.07743799,0.0608765,-0.017793889,-32.05670194,-0.080955901,0.022606702,-32.02022477,-0.187618505,0.046169283,-32.06220318,-0.337448801,0.086389816,-32.0980561,-0.493695687,0.130629584,-32.0481548,-0.607603524,0.162260517,-32.01622952,-0.754288611,0.202719627,-32.04874442,-0.884157256,0.239080758,-32.04989311,-0.970260436,0.263598851,-32.02303133,-1.10009562,0.299892625
-31.88253492,0,-1.594E-05,-32.47050308,0.061620215,-0.017424219,-32.44954014,-0.081962932,0.022116793,-32.41266026,-0.189917931,0.04500326,-32.45509123,-0.341597338,0.084789471,-32.4913257,-0.499744511,0.128512279,-32.44086869,-0.615057993,0.15973481,-32.40857766,-0.763532164,0.199625476,-32.44142933,-0.894990604,0.235466584,-32.44257658,-0.982148314,0.259640913,-32.41539732,-1.113578411,0.295414611
-32.26944242,0,-1.60273E-05,-32.8637683,0.062364308,-0.017046897,-32.84257851,-0.082970477,0.021616921,-32.80529591,-0.192218531,0.043818299,-32.84817939,-0.345747988,0.083175262,-32.88479532,-0.505796412,0.126376672,-32.8337826,-0.622516259,0.157186887,-32.80112581,-0.77278043,0.196504727,-32.83431413,-0.905829467,0.231822167,-32.83545991,-0.994042243,0.255650531,-32.80796317,-1.12706807,0.290902023
-32.65655076,0,-1.61172E-05,-33.2572336,0.063108779,-0.016662047,-33.23581697,-0.083978535,0.021107248,-33.19813163,-0.194520303,0.042614643,-33.24146758,-0.34990075,0.081547488,-33.27846489,-0.511851389,0.124222958,-33.22689649,-0.629978321,0.154616946,-33.19387391,-0.782033406,0.193357585,-33.22739878,-0.916673843,0.228147741,-33.22854304,-1.005942221,0.251627942,-33.20072881,-1.140564595,0.286355089
-33.04385988,0,-1.62094E-05,-33.65089891,0.06385363,-0.016269787,-33.62925546,-0.084987105,0.020587929,-33.59116739,-0.196823246,0.041392525,-33.63495574,-0.354055624,0.079906393,-33.67233435,-0.51790944,0.122051287,-33.62021028,-0.637444177,0.152025121,-33.5868219,-0.791291092,0.190184185,-33.62068322,-0.927523731,0.224443446,-33.62182591,-1.017848245,0.247573272,-33.59369418,-1.154067983,0.281773893
-33.43136972,0,-1.63032E-05,-34.04476416,0.064598858,-0.015870236,-34.02289392,-0.085996188,0.020059118,-33.98440311,-0.199127362,0.040152171,-34.02864382,-0.358212609,0.078252164,-34.06640363,-0.523970564,0.119861772,-34.01372392,-0.644913827,0.1494115,-33.97996973,-0.800553486,0.186984602,-34.01416739,-0.93837913,0.220709347,-34.01530847,-1.029760315,0.24348656,-33.98685923,-1.167578232,0.27715841
-33.81908024,0,-1.6398E-05,-34.43882932,0.065344465,-0.015463505,-34.41673231,-0.087005784,0.019520963,-34.37783875,-0.201432649,0.038893804,-34.42253177,-0.362371704,0.076584939,-34.46067268,-0.53003476,0.117654503,-34.40743736,-0.652387269,0.146776145,-34.37331732,-0.809820586,0.183758878,-34.40785123,-0.949240036,0.216945466,-34.40899067,-1.041678428,0.23936779,-34.3802239,-1.18109534,0.27250854
-34.2069914,0,-1.64934E-05,-34.83309432,0.066090449,-0.015049709,-34.81077056,-0.088015891,0.018973611,-34.77147426,-0.203739107,0.03761765,-34.81661953,-0.366532909,0.074904806,-34.85514144,-0.536102029,0.115429555,-34.80135053,-0.659864503,0.144119109,-34.76686465,-0.819092392,0.180507047,-34.8017347,-0.960106451,0.213151798,-34.80287245,-1.053602584,0.23521691,-34.77378814,-1.194619307,0.267824134
-34.59510315,0,-1.65886E-05,-35.22755913,0.066836812,-0.01462896,-35.20500865,-0.089026511,0.018417212,-35.1653096,-0.206046736,0.036323939,-35.21090707,-0.370696223,0.073211811,-35.24980987,-0.542172369,0.113186999,-35.19546341,-0.667345527,0.141440447,-35.16061166,-0.828368903,0.177229138,-35.19581775,-0.970978371,0.209328334,-35.19695376,-1.06553278,0.231033862,-35.16755191,-1.20815013,0.263105024
-34.98341547,0,-1.66832E-05,-35.62222372,0.067583553,-0.01420137,-35.59944653,-0.090037644,0.017851911,-35.55934474,-0.208355535,0.03501291,-35.60539434,-0.374861647,0.071505963,-35.64467794,-0.548245779,0.110926912,-35.58977593,-0.674830341,0.138740226,-35.55455831,-0.837650117,0.173925189,-35.59010032,-0.981855795,0.205475071,-35.59123457,-1.077469016,0.226818597,-35.56151515,-1.221687807,0.25835105
-35.37192831,0,-1.67764E-05,-36.01708803,0.068330672,-0.013767053,-35.99408417,-0.091049288,0.017277861,-35.95357963,-0.210665506,0.033684814,-36.00008132,-0.379029179,0.069787239,-36.0397456,-0.554322259,0.108649383,-35.98428807,-0.682318945,0.136018535,-35.94870457,-0.846936033,0.170595272,-35.98458238,-0.992738723,0.201592049,-35.98571482,-1.089411289,0.222571093,-35.95567781,-1.235232337,0.253562075
-35.76064166,0,-1.68678E-05,-36.41215206,0.069078169,-0.013326125,-36.38892154,-0.092061444,0.016695212,-36.34801425,-0.212976646,0.032339915,-36.39496797,-0.383198819,0.068055597,-36.43501283,-0.560401809,0.106354522,-36.37899979,-0.689811336,0.133275498,-36.34305039,-0.856226651,0.167239496,-36.3792639,-1.003627154,0.197679343,-36.38039447,-1.101359597,0.218291367,-36.35003985,-1.248783718,0.248738009
-36.1495555,0,-1.69568E-05,-36.80741576,0.069826043,-0.012878703,-36.78395862,-0.093074113,0.016104122,-36.74264858,-0.215288957,0.030978497,-36.79005426,-0.387370568,0.066310974,-36.8304796,-0.566484427,0.104042472,-36.77391108,-0.697307516,0.13051128,-36.73759575,-0.86552197,0.163858027,-36.77414485,-1.014521086,0.193737083,-36.77527348,-1.113313942,0.21397951,-36.74460123,-1.262341949,0.243878826
-36.5386698,0,-1.70426E-05,-37.20287912,0.070574295,-0.012424907,-37.17919537,-0.094087293,0.015504751,-37.1374826,-0.217602437,0.029600862,-37.18534016,-0.391544424,0.064553304,-37.22614588,-0.572570115,0.101713412,-37.16902189,-0.704807483,0.127726095,-37.13234061,-0.87482199,0.160451094,-37.16922519,-1.025420519,0.189765469,-37.17035183,-1.125274325,0.209635683,-37.13936191,-1.275907029,0.238984577
-36.92798455,0,-1.71249E-05,-37.59854212,0.071322925,-0.011964863,-37.57463179,-0.095100985,0.014897266,-37.53251628,-0.219917086,0.028207335,-37.58082567,-0.395720388,0.062782521,-37.62201166,-0.578658871,0.099367567,-37.56433223,-0.712311238,0.124920217,-37.52728495,-0.884126709,0.157018996,-37.56450489,-1.036325452,0.185764783,-37.5656295,-1.137240743,0.205260127,-37.53432185,-1.289478955,0.234055409
-37.31749974,0,-1.72028E-05,-37.99440474,0.072071933,-0.011498698,-37.97026786,-0.096115189,0.014281838,-37.92774962,-0.222232907,0.026798268,-37.97651076,-0.39989846,0.060998568,-38.01807691,-0.584750695,0.097005212,-37.95984206,-0.719818779,0.122093988,-37.92242876,-0.893436127,0.15356212,-37.95998393,-1.047235885,0.181735409,-37.96110645,-1.149213185,0.20085318,-37.92948103,-1.303057728,0.229091594
-37.70721535,0,-1.7276E-05,-38.39046697,0.072821318,-0.011026546,-38.36610355,-0.097129904,0.013658645,-38.3231826,-0.224549903,0.025374039,-38.37239541,-0.404078638,0.059201407,-38.41434162,-0.590845586,0.09462665,-38.35555138,-0.727330107,0.119247825,-38.31777202,-0.902750244,0.150080942,-38.35566229,-1.058151816,0.177677836,-38.35678267,-1.161191645,0.196415302,-38.32483942,-1.316643347,0.224093528
-38.09713138,0,-1.73439E-05,-38.78672879,0.073571081,-0.010548544,-38.76213887,-0.098145131,0.013027875,-38.7188152,-0.226868064,0.023935044,-38.76847961,-0.408260924,0.057391021,-38.81080578,-0.596943546,0.092232246,-38.75146018,-0.734845222,0.116382224,-38.71331473,-0.91206906,0.146576041,-38.75153996,-1.069073246,0.173592673,-38.75265809,-1.17317615,0.191947119,-38.720397,-1.33023581,0.219061753
-38.48724783,0,-1.74059E-05,-39.1831902,0.074321222,-0.010064835,-39.1583738,-0.09916087,0.012389721,-39.11464743,-0.229187381,0.022481702,-39.16476335,-0.412445316,0.055567428,-39.20746938,-0.603044573,0.089822441,-39.14756844,-0.742364123,0.113497773,-39.10905686,-0.921392575,0.143048104,-39.14761691,-1.080000174,0.169480657,-39.14873274,-1.185166744,0.187449416,-39.11615375,-1.343835117,0.213996973
-38.87756469,0,-1.74615E-05,-39.57985119,0.07507174,-0.009575568,-39.55480833,-0.100177121,0.011744384,-39.51067927,-0.231507861,0.021014483,-39.56124663,-0.416631816,0.053730681,-39.60433242,-0.609148668,0.08739776,-39.54387616,-0.749886809,0.110595152,-39.50499842,-0.930720788,0.139497936,-39.54389315,-1.090932599,0.165342664,-39.54500666,-1.197163379,0.182923037,-39.51210966,-1.357441268,0.208900072
-39.26808195,0,-1.75105E-05,-39.97671174,0.075822636,-0.009080898,-39.95144246,-0.101193883,0.011092076,-39.90691073,-0.233829546,0.019533918,-39.95792943,-0.420820422,0.051880876,-40.00139488,-0.615255829,0.084958818,-39.94038334,-0.757413282,0.107675139,-39.90113941,-0.9400537,0.13592646,-39.94036868,-1.101870523,0.161179713,-39.94147982,-1.209165917,0.1783689,-39.90826471,-1.371054262,0.203772121
-39.65879962,0,-1.75523E-05,-40.37377187,0.076573909,-0.008580986,-40.34827618,-0.102211157,0.010433016,-40.30334178,-0.236152452,0.018040546,-40.35481175,-0.425011135,0.050018154,-40.39865677,-0.621366059,0.082506321,-40.33708997,-0.764943541,0.104738612,-40.29747982,-0.949391309,0.132334727,-40.33704349,-1.112813944,0.15699297,-40.33815219,-1.221174287,0.173788156,-40.3046189,-1.384674099,0.19861439
-40.04971769,0,-1.75866E-05,-40.77103154,0.07732556,-0.008076,-40.74530949,-0.103228943,0.009767432,-40.69997245,-0.238476492,0.01653483,-40.75189358,-0.429203954,0.048142709,-40.79611808,-0.627479355,0.080041068,-40.73399606,-0.772477586,0.101786552,-40.69401966,-0.958733617,0.128723914,-40.73391759,-1.123762863,0.152783756,-40.73502339,-1.233188843,0.169182564,-40.70117224,-1.39830078,0.193428348
-40.44083616,0,-1.76131E-05,-41.16849078,0.078077589,-0.007566116,-41.14254237,-0.10424724,0.009095562,-41.09680273,-0.240801507,0.015017194,-41.14917492,-0.433398881,0.046254787,-41.19377881,-0.633595719,0.077563942,-41.1311016,-0.780015417,0.098820041,-41.09075892,-0.968080624,0.125095328,-41.13099098,-1.134717281,0.148553545,-41.13209387,-1.245210241,0.16455433,-41.09792472,-1.411934303,0.188215671
-40.83215503,0,-1.76316E-05,-41.56614956,0.078829995,-0.007051514,-41.53997484,-0.105266049,0.008417654,-41.49383259,-0.243127582,0.013488336,-41.54665576,-0.437595913,0.044354685,-41.59163897,-0.639715151,0.075075907,-41.52840661,-0.787557035,0.095840258,-41.48769763,-0.977432329,0.1214504,-41.52826368,-1.145677196,0.144303961,-41.52936424,-1.257237883,0.159904577,-41.49487636,-1.42557467,0.182978236
-41.22367429,0,-1.7642E-05,-41.96400788,0.079582779,-0.006532383,-41.93760687,-0.106285369,0.007733965,-41.89106203,-0.245455295,0.011949475,-41.9443361,-0.441795053,0.04244276,-41.98969855,-0.645837649,0.072577992,-41.92591107,-0.795102438,0.092848448,-41.88483577,-0.986788733,0.117790686,-41.92573568,-1.15664261,0.140036779,-41.9268342,-1.269269793,0.155233241,-41.89202718,-1.439221881,0.177718124
-41.61539396,0,-1.76439E-05,-42.36206575,0.08033594,-0.006008916,-42.33543847,-0.107305201,0.007044759,-42.28849107,-0.247784912,0.010401547,-42.34221595,-0.445996299,0.040519423,-42.38795755,-0.651963213,0.070071286,-42.323615,-0.802651628,0.089845945,-42.28217336,-0.996149836,0.114117862,-42.323407,-1.167613523,0.13575392,-42.32450348,-1.281304961,0.150541393,-42.28937718,-1.452875937,0.172437607
-42.00731403,0,-1.76374E-05,-42.76032314,0.081089479,-0.005481317,-42.73346964,-0.108325545,0.006350311,-42.68611974,-0.250115247,0.008844065,-42.74029528,-0.450199651,0.03858514,-42.78641598,-0.658091846,0.067556931,-42.72151841,-0.810204604,0.08683418,-42.67971041,-1.005515638,0.110433716,-42.72127766,-1.178589935,0.13145744,-42.7223699,-1.293348175,0.145836106,-42.68692641,-1.466536839,0.167139147
-42.39943448,0,-1.76224E-05,-43.15878007,0.081843395,-0.004949791,-43.13170036,-0.1093464,0.005650904,-43.08394806,-0.252444141,0.007275591,-43.1385741,-0.45440511,0.036640436,-43.18507384,-0.66422355,0.065036105,-43.11962128,-0.817761366,0.083814677,-43.07744693,-1.01488614,0.106740143,-43.11934766,-1.189571847,0.127149523,-43.12043085,-1.30540877,0.141129161,-43.08467487,-1.480204587,0.16182538
-42.79175533,0,-1.75988E-05,-43.55743651,0.082597689,-0.004414552,-43.53013062,-0.110367766,0.004946828,-43.48197587,-0.254772526,0.005697808,-43.5370524,-0.458612675,0.034685886,-43.58393112,-0.670358322,0.062510012,-43.51792364,-0.825321915,0.08078905,-43.47538293,-1.024261341,0.103039134,-43.51761703,-1.200559259,0.122832477,-43.51869275,-1.317487474,0.136423597,-43.4826226,-1.493879182,0.156499107
-43.18427657,0,-1.75668E-05,-43.95629246,0.08335236,-0.003875819,-43.92876043,-0.111389645,0.004238385,-43.88020313,-0.257108324,0.004119406,-43.93573019,-0.462822346,0.032722123,-43.98298783,-0.676496151,0.05997987,-43.91642548,-0.83288625,0.077758994,-43.87351841,-1.033641242,0.099332769,-43.91608577,-1.211552171,0.118508714,-43.91715763,-1.329578475,0.131716175,-43.88076961,-1.507560626,0.15116328
-43.57699818,0,-1.75264E-05,-44.35534791,0.084107409,-0.003333818,-44.32758977,-0.112412034,0.00352588,-44.27862993,-0.259457415,0.002547054,-44.33460744,-0.467034124,0.030749827,-44.38224396,-0.682637034,0.057446915,-44.31512681,-0.840454372,0.074726274,-44.27185339,-1.043025843,0.095623204,-44.31475391,-1.222550584,0.114180745,-44.31582344,-1.341673868,0.127001796,-44.27911595,-1.521248918,0.145820986
-43.96992017,0,-1.74776E-05,-44.75460285,0.084862835,-0.002788779,-44.72661863,-0.113434935,0.002809628,-44.6772564,-0.261818898,0.000980657,-44.73368416,-0.471248008,0.028769728,-44.7816995,-0.688781002,0.054912431,-44.71402763,-0.848026281,0.071692714,-44.67038787,-1.052415145,0.091912626,-44.71362145,-1.233554499,0.109851164,-44.71468772,-1.353772746,0.122282468,-44.67766163,-1.534944061,0.14047543
-44.36304252,0,-1.74208E-05,-45.15405726,0.085618639,-0.002240939,-45.125847,-0.114458348,0.002089952,-45.07608243,-0.26418373,-0.000588009,-45.13296033,-0.475463998,0.026782602,-45.18135445,-0.694928095,0.052377709,-45.11312793,-0.855601977,0.068660176,-45.06912187,-1.061809145,0.088203274,-45.11268842,-1.244563914,0.105522636,-45.11375095,-1.365877181,0.117563168,-45.07640669,-1.548646055,0.13512992
-44.75636523,0,-1.7356E-05,-45.55371114,0.08637482,-0.001690541,-45.52527486,-0.115482272,0.001367179,-45.475108,-0.266547037,-0.00216298,-45.53243594,-0.479682093,0.024789267,-45.58120883,-0.701078255,0.049843943,-45.51242773,-0.863181459,0.065630549,-45.46805538,-1.071207846,0.084497443,-45.51195482,-1.25557883,0.101197884,-45.51301343,-1.377988415,0.112848119,-45.47535116,-1.562354901,0.129787846
-45.14988828,0,-1.72835E-05,-45.95356447,0.087131378,-0.001137833,-45.9249022,-0.116506707,0.000641644,-45.87433311,-0.268909668,-0.003742567,-45.93211099,-0.483902295,0.022790581,-45.98126261,-0.707231342,0.04731224,-45.91192701,-0.870764728,0.062605729,-45.86718841,-1.08061125,0.080797476,-45.91142067,-1.266599251,0.096879679,-45.91247554,-1.390106159,0.108140062,-45.87449506,-1.576070601,0.124452667
-45.54361167,0,-1.72036E-05,-46.35361723,0.087888314,-0.000583068,-46.324729,-0.117531654,-8.6316E-05,-46.27375777,-0.271273742,-0.005323801,-46.33198547,-0.488124602,0.020787438,-46.38151578,-0.713387301,0.044783784,-46.31162578,-0.878351783,0.059587606,-46.26652097,-1.090019358,0.077105751,-46.31108597,-1.277625179,0.092570816,-46.31213719,-1.402229837,0.103441505,-46.27383842,-1.589793154,0.119127889
-45.93753537,0,-1.71165E-05,-46.7538694,0.088645627,-2.65054E-05,-46.72475526,-0.118557112,-0.000816356,-46.67338191,-0.273639782,-0.006905305,-46.73205935,-0.492349015,0.018780762,-46.78196823,-0.719546585,0.042260259,-46.71152402,-0.885942625,0.056578049,-46.66605306,-1.099432165,0.073424664,-46.71095074,-1.288656607,0.088274066,-46.71199824,-1.414359378,0.098755484,-46.67338126,-1.603522562,0.113817049
-46.33165937,0,-1.70225E-05,-47.15432096,0.089403317,0.00053159,-47.12498093,-0.119583081,-0.001548131,-47.07320554,-0.276007164,-0.008486851,-47.13233262,-0.496575534,0.016771506,-47.18262005,-0.725709749,0.039743434,-47.11162174,-0.893537253,0.053578896,-47.06578468,-1.10884966,0.069756619,-47.11101499,-1.299693523,0.0839922,-47.11205872,-1.426494935,0.094085255,-47.0731236,-1.617258825,0.108523699
-46.72598366,0,-1.6922E-05,-47.55497189,0.090161385,0.001090947,-47.52540601,-0.120609561,-0.002281293,-47.47322863,-0.278375531,-0.010067937,-47.53280527,-0.500804157,0.014760647,-47.58347139,-0.731875961,0.037233677,-47.51191891,-0.901135668,0.050591939,-47.46571582,-1.118271846,0.066104027,-47.51127869,-1.310735936,0.079728015,-47.51231867,-1.438636596,0.089433975,-47.47306546,-1.631001944,0.103251385
-47.12050821,0,-1.68151E-05,-47.95582217,0.09091983,0.001651293,-47.92603048,-0.121636553,-0.003015491,-47.87345118,-0.280744945,-0.011647655,-47.93347727,-0.505034886,0.012749182,-47.98452214,-0.738043281,0.034730233,-47.91241553,-0.908737868,0.04761892,-47.86584648,-1.127698763,0.062469312,-47.91174187,-1.321783886,0.075484325,-47.9127781,-1.450784341,0.084804674,-47.87320687,-1.644751921,0.098003637
-47.51523301,0,-1.67023E-05,-48.35687177,0.091678651,0.002212344,-48.3268543,-0.122664055,-0.003750376,-48.27387315,-0.283115558,-0.013225008,-48.33434861,-0.509267719,0.010738123,-48.38577221,-0.744210947,0.032233506,-48.31311158,-0.916343854,0.04466152,-48.26617664,-1.137130434,0.058854841,-48.31240453,-1.332837392,0.071263908,-48.31343703,-1.462938129,0.080200334,-48.27354782,-1.658508754,0.092783944
-47.91015803,0,-1.65837E-05,-48.75812067,0.09243785,0.002773818,-48.72787745,-0.123692069,-0.0044856,-48.67449453,-0.285487408,-0.014799121,-48.73541927,-0.513502657,0.008728492,-48.78722054,-0.750385439,0.029751136,-48.71400704,-0.923953625,0.041721358,-48.66670633,-1.146566781,0.05526282,-48.71326667,-1.343896365,0.0670694,-48.71429543,-1.475097955,0.075623939,-48.67408833,-1.672272445,0.087595717
-48.30528326,0,-1.64598E-05,-49.15956884,0.093197426,0.003335423,-49.12909991,-0.124720593,-0.005220815,-49.0753153,-0.28786045,-0.016369217,-49.13668923,-0.517739699,0.006721322,-49.1888682,-0.75657503,0.027292497,-49.1151019,-0.931567181,0.038799981,-49.06743553,-1.156007646,0.051695304,-49.11432832,-1.354960632,0.06290331,-49.11535332,-1.48726383,0.071078439,-49.07482842,-1.686042993,0.082442295
-48.70060866,0,-1.63308E-05,-49.56121625,0.093957379,0.003896865,-49.53052165,-0.125749628,-0.005955676,-49.47633541,-0.290234658,-0.017934507,-49.53815845,-0.521978846,0.004717645,-49.59071491,-0.762779857,0.024858822,-49.51639613,-0.939184521,0.035898869,-49.46836417,-1.165453074,0.048154468,-49.51558933,-1.366030323,0.058768393,-49.51661068,-1.499435759,0.066566718,-49.47576807,-1.6998204,0.077326961
-49.09613421,0,-1.61971E-05,-49.96306287,0.094717709,0.004457845,-49.93214264,-0.126779174,-0.006689845,-49.87755486,-0.292610037,-0.019494192,-49.93982692,-0.526220096,0.002718496,-49.99276151,-0.768992165,0.02244341,-49.91788971,-0.946805646,0.033019426,-49.86949217,-1.174903631,0.044642912,-49.91704975,-1.37710599,0.054667745,-49.91806752,-1.511613742,0.062091576,-49.87690729,-1.713604663,0.072252913
-49.49185989,0,-1.60589E-05,-50.36510867,0.095478416,0.005018061,-50.33396284,-0.127809231,-0.007422985,-50.2789736,-0.294986598,-0.02104748,-50.34169461,-0.53046345,0.000724902,-50.39500757,-0.775204948,0.020040295,-50.31958261,-0.954430554,0.030162985,-50.27081962,-1.184359646,0.041162892,-50.31870959,-1.388187913,0.050604088,-50.31972382,-1.523797775,0.057655733,-50.27824606,-1.727395785,0.06722325
-49.88778566,0,-1.59165E-05,-50.76735362,0.0962395,0.005577207,-50.73598223,-0.128839798,-0.008154767,-50.68059161,-0.297364342,-0.022593607,-50.74376149,-0.534708907,-0.001262115,-50.79745266,-0.781418744,0.017651025,-50.72147481,-0.962059245,0.027330806,-50.67234665,-1.193819994,0.037715102,-50.72056904,-1.399274802,0.046578483,-50.72157955,-1.535987856,0.0532618,-50.67978438,-1.741193763,0.062240972
-50.2839115,0,-1.57703E-05,-51.16979768,0.09700096,0.006134973,-51.13820077,-0.129870876,-0.008884866,-51.08240886,-0.299743265,-0.024131836,-51.14602753,-0.538956467,-0.003241549,-51.2000968,-0.787635501,0.015278514,-51.12356627,-0.969691718,0.024524076,-51.07407336,-1.20328244,0.034299016,-51.12262826,-1.4103642,0.042590698,-51.12363469,-1.548183987,0.048912265,-51.08152224,-1.754998598,0.057308967
-50.68023738,0,-1.56206E-05,-51.57244083,0.097762797,0.006691046,-51.54061843,-0.130902464,-0.009612968,-51.48442532,-0.302123367,-0.025661451,-51.5484927,-0.54320613,-0.005212404,-51.60294002,-0.793856155,0.012924629,-51.52585697,-0.977327973,0.021743907,-51.47599907,-1.212747757,0.030917011,-51.52488602,-1.421458181,0.038644937,-51.52588924,-1.560386167,0.044609489,-51.48345963,-1.768810289,0.052430001
-51.07676327,0,-1.54677E-05,-51.97528301,0.098525011,0.007245111,-51.94323518,-0.131934563,-0.010338764,-51.88664095,-0.304504649,-0.027181751,-51.95115696,-0.547457895,-0.007173707,-52.00598233,-0.800080172,0.01058973,-51.92834686,-0.98496801,0.018991343,-51.87812326,-1.22222399,0.027578624,-51.92734273,-1.432564371,0.034750776,-51.92834317,-1.572594394,0.040355696,-51.88559652,-1.782628836,0.047606701
-51.4734476,0,-1.5316E-05,-52.37832421,0.099287602,0.007796848,-52.34605097,-0.132967172,-0.011061953,-52.28905572,-0.306887113,-0.02869206,-52.3540203,-0.551711762,-0.009124506,-52.40922369,-0.806307074,0.008274193,-52.33103593,-0.992611827,0.016267353,-52.28044625,-1.231717353,0.024291432,-52.32999774,-1.443689722,0.03091701,-52.33099645,-1.584808669,0.036152963,-52.2879329,-1.796454238,0.042841543
-51.86989026,0,-1.52199E-05,-52.78156438,0.100050569,0.008345938,-52.74906578,-0.134000291,-0.011782246,-52.69166959,-0.309270754,-0.030191735,-52.75708267,-0.555967731,-0.011063871,-52.81266404,-0.812536903,0.005978874,-52.73392413,-1.000259424,0.01357284,-52.68296917,-1.241226604,0.021055424,-52.73285289,-1.454830137,0.027141183,-52.73384905,-1.59702899,0.032003212,-52.69046873,-1.810286493,0.038136837
-52.26556192,0,-1.51534E-05,-53.18500349,0.100813908,0.008892061,-53.15227956,-0.13503392,-0.012499361,-53.09448253,-0.311655563,-0.031680161,-53.16034404,-0.5602258,-0.012990904,-53.21630335,-0.8187698,0.003704689,-53.13701143,-1.0079108,0.010908633,-53.08569156,-1.250742764,0.017862778,-53.13590774,-1.465977629,0.023416872,-53.13690095,-1.609255357,0.027908208,-53.09320399,-1.824125601,0.033494723
-52.66023208,0,-1.51327E-05,-53.58864149,0.101577625,0.009434888,-53.55569228,-0.136068059,-0.013213029,-53.49749451,-0.314041543,-0.033156736,-53.56380437,-0.56448597,-0.01490473,-53.62014158,-0.825005829,0.001452432,-53.54029778,-1.015565955,0.008275495,-53.48861324,-1.260260911,0.014709627,-53.53916189,-1.477127673,0.019740971,-53.54015209,-1.621487768,0.023869553,-53.49613862,-1.837971559,0.028917159
-53.05385245,0,-1.51551E-05,-53.99247836,0.102341725,0.009974086,-53.9593039,-0.137102708,-0.013922992,-53.90070548,-0.31642873,-0.034620855,-53.96746362,-0.568748242,-0.016804507,-54.0241787,-0.831244948,-0.000777251,-53.94378316,-1.023224888,0.005674122,-53.89173398,-1.269781854,0.01159773,-53.94261507,-1.488281683,0.016116161,-53.94360245,-1.633726222,0.019888685,-53.8992726,-1.851824369,0.024405925
-53.44642753,0,-1.52175E-05,-54.39647302,0.103106135,0.010509322,-54.36311437,-0.138137865,-0.014629001,-54.3041154,-0.318817136,-0.036071959,-54.37132177,-0.573012618,-0.018689424,-54.42841467,-0.837487123,-0.002983745,-54.34746751,-1.030887597,0.003105141,-54.29505379,-1.279307884,0.008530229,-54.34626731,-1.499441746,0.012545655,-54.34725197,-1.645970716,0.015966884,-54.30260588,-1.865684031,0.019962615
-53.8379727,0,-1.53109E-05,-54.80022894,0.103870077,0.011039648,-54.76712367,-0.139173534,-0.015330819,-54.70772424,-0.321206691,-0.037509604,-54.77537877,-0.57727909,-0.020558713,-54.83284946,-0.843732358,-0.005166441,-54.75135081,-1.038554083,0.000569115,-54.69857268,-1.288839357,0.005508235,-54.75011864,-1.510607953,0.00903053,-54.75110061,-1.658221251,0.012105273,-54.70613842,-1.879550538,0.015588633
-54.22849673,0,-1.54273E-05,-55.20321679,0.104632519,0.011563734,-55.17129033,-0.140209608,-0.016028194,-55.11153194,-0.323597261,-0.038933433,-55.17963459,-0.581547648,-0.022411643,-55.23744182,-0.849980026,-0.007324796,-55.15543302,-1.046224345,-0.001933459,-55.10229061,-1.298375675,0.002531814,-55.15416901,-1.521779754,0.005571094,-55.15514833,-1.670477829,0.008304824,-55.10987018,-1.893423879,0.011285198
-54.61799712,0,-1.55569E-05,-55.60520422,0.105393075,0.012080822,-55.57521475,-0.141245063,-0.016720218,-55.51549702,-0.325988693,-0.040342902,-55.58404765,-0.585817867,-0.02424749,-55.64179399,-0.85622399,-0.009455885,-55.55971409,-1.053898382,-0.004402136,-55.50620751,-1.307916492,-0.000398804,-55.55841837,-1.53295684,0.002167767,-55.55939508,-1.682740444,0.004566357,-55.51380109,-1.907304059,0.00705337
-55.00646633,0,-1.56981E-05,-56.00614225,0.106151762,0.012590395,-55.97836661,-0.142278528,-0.017405543,-55.91921938,-0.328379082,-0.041735571,-55.98821775,-0.59008555,-0.026063549,-56.04537632,-0.862456068,-0.011555459,-55.96415254,-1.061575405,-0.006836614,-55.9102821,-1.317460905,-0.003283193,-55.96282542,-1.544138185,-0.001178897,-55.96384081,-1.695009088,0.000890545,-55.91793113,-1.921191108,0.002894058
-55.39389675,0,-1.58502E-05,-56.40603561,0.106908618,0.013092287,-56.38051467,-0.14330941,-0.018083675,-56.32216912,-0.330765478,-0.043108405,-56.39161497,-0.594345114,-0.027856046,-56.44795694,-0.868672675,-0.013622147,-56.36834898,-1.069247834,-0.009233759,-56.31411635,-1.326999673,-0.006117339,-56.36699231,-1.555312934,-0.004464198,-56.3684443,-1.707282506,-0.002722259,-56.32221928,-1.935083634,-0.001192224
-55.78028474,0,-1.60036E-05,-56.80490016,0.107663287,0.013586979,-56.78161094,-0.144337609,-0.018754446,-56.72411548,-0.333145475,-0.044461481,-56.79400872,-0.598594022,-0.029623754,-56.8494872,-0.874873063,-0.015656072,-56.77177392,-1.076905619,-0.011589066,-56.71718134,-1.336520321,-0.008895825,-56.77039029,-1.566466467,-0.007681895,-56.77280807,-1.719548666,-0.006267189,-56.72626986,-1.948967964,-0.005199976
-56.16563316,0,-1.6159E-05,-57.20274504,0.108415396,0.014074802,-57.18166012,-0.145363171,-0.019417903,-57.12501019,-0.335516925,-0.04579659,-57.19535095,-0.602831656,-0.031366591,-57.24997177,-0.881057303,-0.017658219,-57.17419616,-1.084544375,-0.01390144,-57.11924546,-1.346017337,-0.011617617,-57.1727878,-1.577592343,-0.010830978,-57.17640309,-1.731791552,-0.009737618,-57.12955466,-1.962825807,-0.009121828
-56.54995251,0,-1.6324E-05,-57.5995682,0.109165655,0.014555134,-57.58067761,-0.146386087,-0.020074319,-57.52485902,-0.337881414,-0.04711266,-57.59564637,-0.607058252,-0.033084861,-57.64942652,-0.887225641,-0.019630226,-57.57556741,-1.092163181,-0.016171669,-57.52026012,-1.355489549,-0.014283975,-57.57413623,-1.588689198,-0.013913121,-57.57899768,-1.744004091,-0.013132648,-57.53184151,-1.976649317,-0.012956626
-56.93325932,0,-1.65082E-05,-57.99536274,0.109915524,0.015026713,-57.97867188,-0.147406269,-0.020723955,-57.92367719,-0.34024525,-0.048404402,-57.99491019,-0.611274374,-0.03477925,-58.0478603,-0.893378214,-0.021573489,-57.97589221,-1.099762115,-0.01840147,-57.92022992,-1.364937073,-0.016897317,-57.97444019,-1.599757166,-0.016931341,-57.98054312,-1.756184696,-0.016454415,-57.93308137,-1.990437221,-0.016706303
-57.31557249,0,-1.67271E-05,-58.39012214,0.110665495,0.015489333,-58.37563996,-0.148423671,-0.021367032,-58.32147466,-0.342613864,-0.049667187,-58.39315075,-0.615480255,-0.036450459,-58.44527049,-0.89951498,-0.02348948,-58.37518589,-1.107341465,-0.020593314,-58.31917046,-1.374360287,-0.019460939,-58.3737152,-1.610796688,-0.019889707,-58.38104401,-1.768333457,-0.01970645,-58.33327898,-2.004189919,-0.020374728
-57.69690875,0,-1.69558E-05,-58.78384433,0.111410607,0.015948302,-58.77157433,-0.149438608,-0.022003478,-58.71824706,-0.344987821,-0.050901267,-58.79036507,-0.619674478,-0.038100794,-58.8416496,-0.905635824,-0.025379741,-58.77345716,-1.114901422,-0.022749421,-58.71709075,-1.383759406,-0.021977923,-58.77197028,-1.621808014,-0.022792026,-58.78051599,-1.780451221,-0.022892965,-58.73245024,-2.017906835,-0.023968307
-58.07727763,0,-1.71842E-05,-59.17653542,0.112144391,0.016410507,-59.16646733,-0.150451512,-0.022633163,-59.1139891,-0.347365977,-0.052108671,-59.18654573,-0.62385544,-0.039732794,-59.23699036,-0.911740635,-0.027245855,-59.17070332,-1.122441966,-0.02487191,-59.11398849,-1.393134372,-0.024451296,-59.16920318,-1.632791081,-0.025642016,-59.17896778,-1.792538657,-0.026017886,-59.13060456,-2.031586474,-0.02749389
-58.45667953,0,-1.74087E-05,-59.56820881,0.112864828,0.016878397,-59.56031533,-0.151461783,-0.023257016,-59.50869338,-0.349746171,-0.053292508,-59.58168551,-0.628025503,-0.041345128,-59.63128998,-0.917829368,-0.029089433,-59.5669168,-1.12996291,-0.026962907,-59.50985662,-1.402485018,-0.026884018,-59.56540696,-1.643745694,-0.028443291,-59.57639692,-1.804595077,-0.029085948,-59.52774042,-2.045230542,-0.030954648
-58.83510775,0,-1.76223E-05,-59.9588846,0.113573208,0.01735102,-59.95312113,-0.152467903,-0.023876956,-59.90235654,-0.35212998,-0.054452198,-59.97578081,-0.632190174,-0.042933391,-60.02455217,-0.923902081,-0.030912231,-59.96208996,-1.137464,-0.029024657,-59.90468818,-1.411811177,-0.029279004,-59.96057469,-1.654671652,-0.031199358,-59.97279618,-1.816618801,-0.032102524,-59.92385164,-2.058844429,-0.034349728
-59.212553,0,-1.78099E-05,-60.34858259,0.114270665,0.017827205,-60.34489475,-0.15346931,-0.02449399,-60.29498423,-0.354516477,-0.055589809,-60.36883612,-0.636355741,-0.044492641,-60.41678787,-0.929958942,-0.032716023,-60.35621914,-1.144945121,-0.031059332,-60.29848027,-1.421112784,-0.0316392,-60.35470334,-1.665568871,-0.033913775,-60.36815904,-1.828608864,-0.035072177,-60.31893367,-2.072434179,-0.037677501
-59.5890075,0,-1.79565E-05,-60.73731889,0.114958197,0.018305444,-60.73565274,-0.154470024,-0.025104495,-60.68658622,-0.3569065,-0.056705682,-60.76086181,-0.640520758,-0.046025816,-60.80801342,-0.936000206,-0.03450207,-60.74930738,-1.152406637,-0.033068919,-60.69123673,-1.430389929,-0.03396771,-60.74779651,-1.676437471,-0.036590239,-60.76248308,-1.84057004,-0.037993953,-60.71298446,-2.085999191,-0.040943263
-59.96446628,0,-1.80506E-05,-61.12509914,0.115634172,0.018786654,-61.12541494,-0.155477154,-0.025701565,-61.07718141,-0.359299715,-0.057801082,-61.15187507,-0.644685286,-0.047534147,-61.19824692,-0.942026154,-0.036270456,-61.14136469,-1.159849212,-0.035055278,-61.08296824,-1.439642866,-0.036267581,-61.13986453,-1.687277771,-0.039232339,-61.15577147,-1.852508795,-0.040865597,-61.10601138,-2.099539704,-0.044151948
-60.33892756,0,-1.80837E-05,-61.5119203,0.116299954,0.01926871,-61.51419848,-0.156492372,-0.026283395,-61.46678668,-0.361695852,-0.058876383,-61.54189758,-0.648847456,-0.049019943,-61.5875037,-0.948037019,-0.038019994,-61.53240674,-1.167272645,-0.03702058,-61.47369062,-1.44887197,-0.038540842,-61.53092277,-1.698090161,-0.04184253,-61.5480364,-1.864428093,-0.043688604,-61.49802665,-2.113053476,-0.047310778
-60.71239245,0,-1.80494E-05,-61.89777349,0.116954117,0.019752471,-61.90201352,-0.157516255,-0.026848996,-61.85541855,-0.364095653,-0.059930223,-61.93094446,-0.653008413,-0.050481389,-61.975792,-0.954032921,-0.039748676,-61.92245142,-1.174675758,-0.038966812,-61.86342108,-1.458077637,-0.040787696,-61.92098807,-1.708875,-0.044421292,-61.93929303,-1.87632696,-0.046467244,-61.88904593,-2.126542309,-0.050421006
-61.08486313,0,-1.79396E-05,-62.28264799,0.117598206,0.02023611,-62.2888625,-0.158545881,-0.027400781,-62.24308217,-0.366497986,-0.06096246,-62.31902558,-0.657168283,-0.051916846,-62.36311184,-0.960013858,-0.041454236,-62.31151385,-1.182058128,-0.040893614,-62.25217352,-1.467260192,-0.043006353,-62.31007415,-1.719632611,-0.046966622,-62.32956109,-1.888205108,-0.049202919,-62.27908669,-2.140006556,-0.053482486
-61.45634152,0,-1.77513E-05,-62.6665371,0.11823123,0.020720504,-62.67473938,-0.159581811,-0.027937803,-62.62977838,-0.368904329,-0.061970231,-62.70613888,-0.661326915,-0.053324574,-62.74945776,-0.965979767,-0.043134988,-62.69960345,-1.189423529,-0.042794986,-62.63995566,-1.476419832,-0.045193658,-62.6981889,-1.73036347,-0.049474567,-62.71885452,-1.900061667,-0.051894683,-62.66815917,-2.153446716,-0.05649159
-61.82682798,0,-1.7482E-05,-63.04943656,0.118853998,0.021204836,-63.05963653,-0.160623841,-0.028460088,-63.01549966,-0.371312914,-0.062954316,-63.09227909,-0.665484559,-0.05470289,-63.13482202,-0.971930561,-0.044790202,-63.08672273,-1.196778556,-0.044661634,-63.02676779,-1.485556592,-0.047346108,-63.08533315,-1.741068058,-0.051940578,-63.10718277,-1.911898852,-0.054536311,-63.05626997,-2.166863152,-0.059442852
-62.19632113,0,-1.71273E-05,-63.43134668,0.119466035,0.021689549,-63.44354496,-0.161672386,-0.028967209,-63.40023681,-0.373725093,-0.063912983,-63.47743566,-0.66964013,-0.05605218,-63.51919758,-0.9778661,-0.046419894,-63.47286649,-1.204125651,-0.046488982,-63.41260477,-1.494670353,-0.049461293,-63.47150222,-1.751746009,-0.05436204,-63.49454516,-1.923715154,-0.057124777,-63.44341558,-2.180254869,-0.062332587
-62.56481892,0,-1.66817E-05,-63.8122683,0.120067712,0.022174134,-63.82645961,-0.162727366,-0.029459342,-63.78398463,-0.376139502,-0.064847638,-63.86160242,-0.67379467,-0.057371311,-63.90257952,-0.983786199,-0.048024566,-63.85802975,-1.211465278,-0.048275631,-63.79745918,-1.503760841,-0.051538474,-63.85668895,-1.762395593,-0.056739483,-63.88093491,-1.935511591,-0.059655818,-63.82959177,-2.193622787,-0.065157244
-62.93231909,0,-1.61402E-05,-64.19220405,0.120659007,0.022658316,-64.2083767,-0.163788295,-0.029937086,-64.16673675,-0.378557003,-0.065757689,-64.24477267,-0.677946607,-0.058662111,-64.2849656,-0.989690773,-0.049604639,-64.24220543,-1.218794143,-0.050024798,-64.1813243,-1.512827806,-0.053578006,-64.24088717,-1.773015758,-0.059074129,-64.26634588,-1.947286777,-0.062129679,-64.2147907,-2.206965151,-0.067917915
-63.29881984,0,-1.54988E-05,-64.57115483,0.121239928,0.023141678,-64.5892972,-0.164855598,-0.030400094,-64.54849402,-0.380976819,-0.0666442,-64.62694677,-0.682097613,-0.059923254,-64.66635613,-0.995580059,-0.051159981,-64.62538878,-1.226113325,-0.051735915,-64.56419609,-1.521871306,-0.055580595,-64.62409333,-1.783609155,-0.061364287,-64.6507695,-1.95904104,-0.064546314,-64.59900591,-2.22028338,-0.070613945
-63.66432073,0,-1.47557E-05,-64.94912136,0.121810738,0.023623384,-64.96922175,-0.165928507,-0.030849134,-64.92925535,-0.383399406,-0.067506811,-65.00812477,-0.686245832,-0.061156739,-65.04675254,-1.001454474,-0.052689946,-65.00757924,-1.23342153,-0.053410868,-64.94607299,-1.530891674,-0.057546678,-65.00630728,-1.794181167,-0.063605593,-65.03420352,-1.970773901,-0.06690742,-64.98223662,-2.233575686,-0.073248614
-64.02882211,0,-1.39111E-05,-65.3261013,0.122371194,0.024103117,-65.34815309,-0.167007878,-0.031283288,-65.30902457,-0.38582442,-0.068345749,-65.38830761,-0.690392826,-0.062360871,-65.42615591,-1.007313961,-0.054193942,-65.38877475,-1.240720383,-0.055048276,-65.32695535,-1.539889102,-0.059476438,-65.38752789,-1.80473691,-0.065793458,-65.41664431,-1.982485294,-0.069214156,-65.3644799,-2.246843307,-0.075821779
-64.39232472,0,-1.29664E-05,-65.7020932,0.122921747,0.024579893,-65.72609166,-0.168092619,-0.03170349,-65.68780141,-0.388251875,-0.069160634,-65.76749838,-0.694537079,-0.063536736,-65.80456617,-1.013157212,-0.055672271,-65.76897727,-1.248008595,-0.056649301,-65.70684464,-1.548862641,-0.061370623,-65.76775904,-1.815275242,-0.067928934,-65.79809395,-1.99417537,-0.07146705,-65.74573909,-2.260085117,-0.078335087
-64.75482903,0,-1.19245E-05,-66.07709421,0.123462044,0.025053637,-66.10303836,-0.169183791,-0.032108505,-66.06558845,-0.390681593,-0.069951062,-66.14569501,-0.698679827,-0.064682303,-66.18198253,-1.01898299,-0.05712507,-66.14818526,-1.255287026,-0.058212374,-66.085742,-1.557810697,-0.063229936,-66.14700003,-1.825795387,-0.070011744,-66.17855092,-2.005843635,-0.073666295,-66.12601295,-2.273301955,-0.080786997
-65.11633509,0,-1.07886E-05,-66.45110353,0.123992588,0.025523484,-66.47899074,-0.170280107,-0.03249945,-66.44238241,-0.393113443,-0.070716524,-66.52289834,-0.7028198,-0.065798035,-66.55840398,-1.024793364,-0.058549251,-66.52640059,-1.262554682,-0.059737472,-66.4636486,-1.566734198,-0.065052095,-66.52525372,-1.836296083,-0.072041636,-66.55801817,-2.017490666,-0.075810293,-66.50530412,-2.28649308,-0.083176749
-65.47684301,0,-9.56232E-06,-66.82411952,0.124512995,0.025989501,-66.85394738,-0.171382737,-0.032875033,-66.81818284,-0.395547859,-0.071456016,-66.89910428,-0.706958051,-0.066882081,-66.933829,-1.03059339,-0.059938978,-66.90362067,-1.269812257,-0.061222695,-66.8405645,-1.575638446,-0.066830285,-66.90251695,-1.846777865,-0.074016222,-66.93649342,-2.029115603,-0.077898169,-66.88360885,-2.299658943,-0.085501673
-65.83635253,0,-8.24972E-06,-67.19614282,0.125023694,0.026450946,-67.22790479,-0.172490337,-0.033236537,-67.19298457,-0.397984851,-0.072169105,-67.27431276,-0.711093438,-0.067935041,-67.30825868,-1.036387999,-0.061288832,-67.27984593,-1.27705901,-0.062667708,-67.21648714,-1.58452755,-0.068558928,-67.27878952,-1.857240702,-0.075933911,-67.31397797,-2.040719259,-0.079927364,-67.26092741,-2.312799001,-0.087760299
-66.19486311,0,-6.85555E-06,-67.56717351,0.125524489,0.026907687,-67.60086263,-0.173604099,-0.033582773,-67.56678779,-0.400423968,-0.07285602,-67.64852056,-0.71522686,-0.068955649,-67.68169148,-1.042177476,-0.062598194,-67.65507335,-1.284295473,-0.064071107,-67.59141719,-1.59340472,-0.070233836,-67.65406697,-1.867684743,-0.077793296,-67.69046815,-2.052300532,-0.081897262,-67.63725494,-2.325913369,-0.089950759
-66.55237444,0,-5.38525E-06,-67.93721335,0.126015744,0.027358992,-67.9728195,-0.174722773,-0.033915037,-67.93958967,-0.402863605,-0.073518265,-68.02172944,-0.719357103,-0.069944972,-68.05413103,-1.047960482,-0.063868256,-68.02930396,-1.291520964,-0.065433055,-67.96535155,-1.60226687,-0.071857387,-68.02835008,-1.878109592,-0.079594134,-68.06596506,-2.063860422,-0.083805778,-68.01259244,-2.339001567,-0.092072579
-66.90888606,0,-3.84516E-06,-68.30626219,0.126497507,0.02780439,-68.34377681,-0.175847426,-0.034232335,-68.31139285,-0.405303258,-0.07415635,-68.39393763,-0.723485182,-0.070901915,-68.42557682,-1.053735987,-0.065099841,-68.40253513,-1.298735992,-0.066752668,-68.33829233,-1.611114245,-0.073429031,-68.40163569,-1.888515269,-0.081336035,-68.44046508,-2.075397695,-0.085653391,-68.38693636,-2.352063711,-0.094125042
-67.26439742,0,-2.24243E-06,-68.67432154,0.126969504,0.028243704,-68.71373478,-0.176976905,-0.034535897,-68.68219721,-0.407746214,-0.074767008,-68.76514774,-0.72761018,-0.071827378,-68.79603121,-1.05950403,-0.066292678,-68.77476845,-1.305939843,-0.068030499,-68.71023804,-1.619945362,-0.074950028,-68.77392606,-1.898901487,-0.083019256,-68.81396996,-2.086913289,-0.08743895,-68.76028941,-2.365099829,-0.096108064
-67.6189083,0,-5.84609E-07,-69.04139065,0.127431753,0.028676429,-69.08269573,-0.178111919,-0.034825089,-69.05200827,-0.410197677,-0.075345064,-69.13535784,-0.731733674,-0.072719688,-69.1654917,-1.065265056,-0.067445929,-69.14600162,-1.313133137,-0.069265721,-69.08119137,-1.62876187,-0.076418626,-69.14521895,-1.909268481,-0.084643432,-69.18647684,-2.098405952,-0.089163533,-69.13264888,-2.378110455,-0.09802102
-67.97241841,0,1.12032E-06,-69.40747002,0.127883849,0.029102454,-69.45065944,-0.179251752,-0.035100691,-69.42082305,-0.412661355,-0.07588674,-69.50457057,-0.735853827,-0.073580585,-69.5339597,-1.071018831,-0.068559443,-69.51623719,-1.320315028,-0.07045904,-69.45115037,-1.637562676,-0.077835623,-69.51551789,-1.919615862,-0.086208886,-69.55798901,-2.109876826,-0.090826037,-69.50401865,-2.391094873,-0.099864723
-68.32492738,0,2.86384E-06,-69.77255775,0.128327741,0.029519282,-69.81762691,-0.180397182,-0.035361983,-69.78864751,-0.415135826,-0.076393396,-69.87278407,-0.739970705,-0.074409804,-69.90143221,-1.076765697,-0.069632413,-69.88547348,-1.327486405,-0.071609278,-69.82011723,-1.646348796,-0.079199677,-69.88482112,-1.929944097,-0.087714779,-69.92850434,-2.121325238,-0.092426906,-69.87439689,-2.404052122,-0.101639865
-68.67643519,0,4.63775E-06,-70.13665314,0.128763787,0.029926023,-70.1835962,-0.181548139,-0.035609093,-70.15547711,-0.417620816,-0.076865133,-70.2399993,-0.744081875,-0.075209577,-70.26791046,-1.08250477,-0.070665367,-70.25371303,-1.334646139,-0.072717279,-70.18808909,-1.655119086,-0.080511406,-70.25313189,-1.9402525,-0.089161441,-70.29802605,-2.132752185,-0.093964966,-70.24378745,-2.416980821,-0.103347578
-69.02694178,0,6.43377E-06,-70.49975483,0.129192067,0.030322058,-70.54856744,-0.182704055,-0.035842675,-70.52131643,-0.420113972,-0.0773042,-70.60621821,-0.748191583,-0.075975472,-70.63339193,-1.088236909,-0.071657073,-70.62095407,-1.341795387,-0.073781472,-70.55506816,-1.663874205,-0.081769694,-70.620448,-1.950541788,-0.090547549,-70.66655164,-2.144156031,-0.095441364,-70.61218905,-2.429884218,-0.104984082
-69.37644694,0,8.24355E-06,-70.86186201,0.129605748,0.030713694,-70.91253851,-0.183863822,-0.036063945,-70.88615978,-0.422617527,-0.077708224,-70.9714381,-0.75230262,-0.076704498,-70.99787857,-1.093960846,-0.072608543,-70.98719894,-1.34893251,-0.074803142,-70.92105161,-1.672613557,-0.082974558,-70.98677215,-1.960810766,-0.091873784,-71.03408395,-2.15553583,-0.096856628,-70.97960717,-2.442766268,-0.106545079
-69.72494998,0,1.00587E-05,-71.22297742,0.13000319,0.031102071,-71.27550939,-0.185026169,-0.036274326,-71.25001038,-0.42512896,-0.078079732,-71.33566323,-0.756421412,-0.077390182,-71.36136791,-1.099678058,-0.073518065,-71.35244506,-1.356059132,-0.075780257,-71.28604151,-1.681337375,-0.084125375,-71.35210101,-1.971060604,-0.093138362,-71.40062123,-2.166891483,-0.09821029,-71.34603544,-2.455632893,-0.108023927
-70.07245001,0,1.1871E-05,-71.58310148,0.130380616,0.031490453,-71.63747877,-0.186194896,-0.036470195,-71.61286233,-0.427651592,-0.078415433,-71.69888875,-0.760545769,-0.078034632,-71.72386131,-1.105386863,-0.074387211,-71.71669333,-1.363173721,-0.076714047,-71.65003527,-1.690045587,-0.085221806,-71.71643552,-1.981289978,-0.094342214,-71.76616736,-2.178227234,-0.099497782,-71.71148141,-2.46848136,-0.10942323
-70.41894665,0,1.36724E-05,-71.94223805,0.130741176,0.031875121,-71.99844721,-0.187372844,-0.036648926,-71.97471723,-0.430181792,-0.078719073,-72.06112034,-0.764675679,-0.078637922,-72.08536002,-1.111088653,-0.075214511,-72.07994441,-1.370278051,-0.077602487,-72.01303529,-1.698737794,-0.086264036,-72.07977658,-1.99150091,-0.095483049,-72.13071731,-2.189548198,-0.100713505,-72.07593889,-2.481313432,-0.110740728
-70.76443972,0,1.54549E-05,-72.30038619,0.131085309,0.032254996,-72.3584169,-0.188567015,-0.036803772,-72.33557694,-0.43272206,-0.078988327,-72.42235357,-0.768809565,-0.079201629,-72.4458617,-1.116782168,-0.076001152,-72.44219474,-1.377370655,-0.078446811,-72.37503851,-1.70741457,-0.087251245,-72.44212035,-2.001691445,-0.09656256,-72.49427672,-2.200855761,-0.101856063,-72.43941182,-2.494124904,-0.111980606
-71.10892927,0,1.7211E-05,-72.65754858,0.131413024,0.032629384,-72.71738675,-0.189773602,-0.036938802,-72.69543689,-0.43527034,-0.079225433,-72.78259255,-0.772947214,-0.079726086,-72.80536805,-1.12246812,-0.076746422,-72.80344526,-1.384451024,-0.079247453,-72.73604679,-1.716074812,-0.088184465,-72.80346861,-2.011861526,-0.097580789,-72.85683905,-2.21215061,-0.102924512,-72.80190277,-2.506918796,-0.113139857
-71.45241604,0,1.89333E-05,-73.0137236,0.131725385,0.032996491,-73.0753606,-0.190993671,-0.037053256,-73.05430216,-0.43782759,-0.079429715,-73.14183117,-0.77708989,-0.080210064,-73.16387582,-1.128146136,-0.077450653,-73.16369292,-1.391517656,-0.080005857,-73.09605654,-1.724719902,-0.089062183,-73.16381836,-2.022009237,-0.098539597,-73.2184111,-2.223428976,-0.103922887,-73.16340368,-2.519692722,-0.114220606
-71.79490089,0,2.06149E-05,-73.36891316,0.13201986,0.033358091,-73.43233714,-0.192224992,-0.037149677,-73.41216794,-0.44039359,-0.079601619,-73.50007333,-0.781235587,-0.080655769,-73.52138692,-1.133815938,-0.078114214,-73.5229406,-1.39857205,-0.080720665,-73.45506879,-1.733348204,-0.089886084,-73.52317351,-2.032136576,-0.099437204,-73.57898713,-2.234693413,-0.104848583,-73.52392038,-2.532448461,-0.115221415
-72.13638461,0,2.22494E-05,-73.72311571,0.132299457,0.033710404,-73.78831851,-0.193467847,-0.037228146,-73.76903877,-0.442967203,-0.079742602,-73.85731332,-0.785387105,-0.081060546,-73.87789875,-1.139478051,-0.078736642,-73.88118571,-1.405619387,-0.081386804,-73.81308475,-1.741960889,-0.090655104,-73.88153108,-2.042248096,-0.100269148,-73.93857019,-2.245940973,-0.105704818,-73.88344514,-2.545184803,-0.116143454
-72.47686839,0,2.3831E-05,-74.07632967,0.132562102,0.034054725,-74.14330162,-0.194723328,-0.037287955,-74.12490934,-0.445550187,-0.079851188,-74.21355329,-0.789541103,-0.08142802,-74.23341247,-1.14513122,-0.079319353,-74.23843353,-1.412662083,-0.082002167,-74.17010177,-1.750556862,-0.091370425,-74.23889714,-2.05234711,-0.101032524,-74.29716321,-2.257174418,-0.106489189,-74.24198469,-2.55790159,-0.116987463
-72.81635322,0,2.53542E-05,-74.42855723,0.132809435,0.034388653,-74.49728697,-0.195989412,-0.037331575,-74.47978212,-0.448139917,-0.0799304,-74.56879612,-0.793699736,-0.081756371,-74.58792999,-1.150777074,-0.079860919,-74.59467976,-1.419704396,-0.082562665,-74.52612324,-1.75913662,-0.092031835,-74.59526574,-2.062436788,-0.101724293,-74.65475976,-2.268391796,-0.107203795,-74.59953232,-2.570599561,-0.117752888
-73.15483981,0,2.68142E-05,-74.77979666,0.133041168,0.034711699,-74.85027518,-0.197268936,-0.037356663,-74.83365976,-0.450739239,-0.079977845,-74.92303754,-0.797861634,-0.08204726,-74.94144962,-1.156414471,-0.080362653,-74.94992902,-1.426741669,-0.083073319,-74.88114678,-1.767700559,-0.09263911,-74.95064194,-2.072513066,-0.102348954,-75.01136637,-2.279593699,-0.107848657,-74.95609581,-2.583276731,-0.118442449
-73.49232912,0,2.82069E-05,-75.13005066,0.133255827,0.035024538,-75.20226379,-0.198558637,-0.037367025,-75.18653752,-0.453346195,-0.079995963,-75.27628329,-0.802026753,-0.082301177,-75.2939745,-1.162044252,-0.080823975,-75.30418479,-1.433774978,-0.083533379,-75.23517541,-1.776248084,-0.093193179,-75.30502966,-2.082577515,-0.102905354,-75.36697642,-2.290780182,-0.108424,-75.3116684,-2.595935976,-0.119053527
-73.82882191,0,2.95286E-05,-75.47931934,0.133455993,0.035323759,-75.55325575,-0.199860099,-0.037361685,-75.5384209,-0.455960911,-0.079985255,-75.62852949,-0.806196161,-0.082517427,-75.64550304,-1.16766548,-0.081246042,-75.65744316,-1.440803095,-0.083944244,-75.58820652,-1.784779838,-0.093693636,-75.65842397,-2.092627902,-0.103395911,-75.72159612,-2.301949718,-0.108932096,-75.66625465,-2.60857413,-0.119589977
-74.16431869,0,3.07762E-05,-75.82760288,0.13364055,0.035609594,-75.90324965,-0.201173344,-0.03734126,-75.88930596,-0.458582722,-0.079947062,-75.97977956,-0.810367508,-0.082698869,-75.99603842,-1.173276428,-0.081630902,-76.00970939,-1.447825951,-0.084306347,-75.94024206,-1.793293228,-0.094143429,-76.01083132,-2.102665207,-0.10382017,-76.07521809,-2.313104797,-0.10937083,-76.01985869,-2.621193221,-0.120050448
-74.49882034,0,3.19474E-05,-76.17490417,0.13381216,0.035878429,-76.25224875,-0.202497097,-0.037307709,-76.23919585,-0.461209057,-0.079884803,-76.33003655,-0.814543276,-0.082843578,-76.34558005,-1.178878028,-0.081977925,-76.36097805,-1.454845253,-0.084618185,-76.29128382,-1.801788597,-0.094542593,-76.36224515,-2.11269006,-0.1041777,-76.42784562,-2.324242434,-0.109743957,-76.37247335,-2.633792068,-0.120436425
-74.83232759,0,3.30401E-05,-76.52122194,0.133969388,0.036130691,-76.60025211,-0.203833443,-0.037259635,-76.58809498,-0.463844919,-0.079794421,-76.67929624,-0.81872144,-0.082954121,-76.69412995,-1.184472253,-0.082285547,-76.71125111,-1.461858515,-0.08488267,-76.64133062,-1.810268458,-0.094888974,-76.71266794,-2.122700506,-0.104470974,-76.77948201,-2.335364546,-0.110050398,-76.7241055,-2.646370261,-0.120749196
-75.16484105,0,3.40531E-05,-76.86656024,0.134106304,0.036371248,-76.94726208,-0.2051783,-0.037201847,-76.93599936,-0.466491725,-0.079675467,-77.0275643,-0.822902765,-0.083030475,-77.04169223,-1.190064462,-0.082548927,-77.06053048,-1.468867877,-0.085098192,-76.9903878,-1.818736497,-0.095179463,-77.0621019,-2.132699229,-0.104697916,-77.13012086,-2.346469872,-0.110292007,-77.07474713,-2.658929315,-0.120987715
-75.49636171,0,3.49855E-05,-77.2109198,0.134222195,0.036599692,-77.29328064,-0.206532425,-0.037134358,-77.28291724,-0.469153981,-0.079524568,-77.37483565,-0.827088098,-0.083072488,-77.3882626,-1.19565738,-0.082765809,-77.4088111,-1.475871547,-0.08526705,-77.33845017,-1.827198299,-0.095408856,-77.41054055,-2.142683318,-0.104861914,-77.47976985,-2.357557994,-0.110470317,-77.42440196,-2.671466759,-0.121155508
-75.82689032,0,3.5837E-05,-77.55430126,0.134313404,0.03681851,-77.63830683,-0.207898817,-0.037054975,-77.62884259,-0.47183349,-0.079341028,-77.72111276,-0.831274466,-0.083084016,-77.73384452,-1.201249111,-0.082938765,-77.75609847,-1.482869426,-0.085390164,-77.68552248,-1.835650988,-0.09558071,-77.75799037,-2.152653805,-0.104962885,-77.82842303,-2.36863101,-0.110583987,-77.77307378,-2.683984694,-0.1212517
-76.15642735,0,3.66079E-05,-77.89671004,0.134381612,0.03702477,-77.98234284,-0.209279465,-0.036962579,-77.97378135,-0.474526305,-0.079130064,-78.06639747,-0.835462731,-0.083065169,-78.0784411,-1.206841259,-0.083066956,-78.10238778,-1.489863071,-0.085466689,-78.03160939,-1.844095191,-0.095695114,-78.10444538,-2.162611111,-0.105001082,-78.17608461,-2.3796866,-0.110636487,-78.12075573,-2.696481483,-0.121278923
-76.48497364,0,3.72989E-05,-78.23814549,0.134429593,0.037214348,-78.32539196,-0.210681039,-0.036851431,-78.31773827,-0.477234691,-0.078890738,-78.41068618,-0.839651963,-0.083017938,-78.42204833,-1.212430455,-0.083154492,-78.44768275,-1.496850111,-0.085499973,-78.37670657,-1.852529531,-0.09575399,-78.44990996,-2.172553443,-0.104979343,-78.52275874,-2.390726189,-0.110627642,-78.46745636,-2.708956931,-0.121239069
-76.81252985,0,3.79113E-05,-78.57860712,0.134454691,0.03738849,-78.66745235,-0.212100777,-0.036725264,-78.66070737,-0.479955683,-0.078627289,-78.75398592,-0.843844952,-0.082940862,-78.76467186,-1.218017325,-0.083201747,-78.79198703,-1.503832186,-0.085489427,-78.72081747,-1.860952806,-0.095759332,-78.79438844,-2.182483029,-0.104896527,-78.86843969,-2.401747717,-0.110560542,-78.81316917,-2.721413014,-0.121131433
-77.13909651,0,3.84466E-05,-78.91809875,0.134460741,0.037541865,-79.00852931,-0.213537384,-0.03658644,-79.00269618,-0.482687729,-0.078342692,-79.09629148,-0.84804885,-0.082828072,-79.10630706,-1.223603268,-0.08320825,-79.13529644,-1.510808475,-0.085436837,-79.06394482,-1.869367911,-0.095709114,-79.13787561,-2.192397865,-0.104755484,-79.21313146,-2.41274936,-0.110438477,-79.1578987,-2.733847452,-0.120960067
-77.4646746,0,3.8907E-05,-79.25661697,0.134448348,0.037672293,-79.34862068,-0.214993216,-0.036433726,-79.34369856,-0.485434417,-0.078034728,-79.43760823,-0.852262115,-0.082682603,-79.44695725,-1.229186363,-0.083177079,-79.47761494,-1.517777864,-0.085344523,-79.40608285,-1.877772367,-0.095606607,-79.48037933,-2.202297886,-0.104557564,-79.55683938,-2.423736045,-0.110258176,-79.50164933,-2.746261521,-0.120725569
-77.78926494,0,3.92948E-05,-79.59416541,0.134412038,0.037783637,-79.6877285,-0.216463707,-0.036272921,-79.68371816,-0.488194357,-0.077706304,-79.77794221,-0.856485785,-0.082504986,-79.78662579,-1.234768122,-0.08310797,-79.81894609,-1.52474312,-0.085211001,-79.74723737,-1.886166528,-0.095452668,-79.82189408,-2.212185276,-0.104301544,-79.89955731,-2.434708461,-0.110020392,-79.84441467,-2.758653888,-0.120430869
-78.1128682,0,3.96129E-05,-79.93074348,0.134352503,0.037873572,-80.02585397,-0.217949282,-0.03610493,-80.02276048,-0.490971764,-0.077354813,-80.11728722,-0.860719868,-0.082296697,-80.1253082,-1.240348365,-0.083002311,-80.15928516,-1.531701872,-0.085039844,-80.08740254,-1.894551586,-0.09524717,-80.16242361,-2.222057755,-0.103991029,-80.24129544,-2.445671442,-0.109722421,-80.18619912,-2.771022666,-0.120079966
-78.43548542,0,3.98644E-05,-80.26635036,0.134266132,0.037944063,-80.36299424,-0.219451647,-0.035929427,-80.3608175,-0.4937718,-0.076976662,-80.45564876,-0.86496091,-0.082062845,-80.46300818,-1.245925508,-0.082863114,-80.49863792,-1.538654055,-0.084832641,-80.42658208,-1.902925351,-0.094993739,-80.50197145,-2.231915984,-0.103626812,-80.58204419,-2.456627131,-0.109363772,-80.5270083,-2.783371561,-0.119671452
-78.75711742,0,4.00527E-05,-80.60099348,0.134148179,0.037998141,-80.69915144,-0.220970608,-0.035748068,-80.69789588,-0.496591949,-0.076576132,-80.79303108,-0.869210457,-0.081803552,-80.79972892,-1.251500636,-0.082690846,-80.83699986,-1.545600499,-0.084590018,-80.76477975,-1.911289147,-0.094692605,-80.84053194,-2.241759327,-0.103210866,-80.92181102,-2.46757174,-0.108950576,-80.86683586,-2.795701472,-0.119206454
-79.07776476,0,4.01814E-05,-80.93467321,0.134002634,0.038029992,-81.03432912,-0.222511114,-0.03555744,-81.03400377,-0.49943587,-0.07615142,-81.12942734,-0.873467511,-0.08152139,-81.13546641,-1.257072034,-0.082488834,-81.17437414,-1.552538346,-0.084316658,-81.10199053,-1.919643349,-0.094344826,-81.17810881,-2.251585381,-0.102747367,-81.26060219,-2.478506757,-0.108483792,-81.20569302,-2.808015061,-0.11868512
-79.39742836,0,4.02544E-05,-81.26738914,0.133827187,0.038039941,-81.36852508,-0.224076761,-0.03535552,-81.36913364,-0.502306732,-0.07570117,-81.46484196,-0.877731078,-0.081219129,-81.47022435,-1.262639573,-0.082259074,-81.51076507,-1.559469461,-0.084012727,-81.43821869,-1.92798627,-0.093953835,-81.51470727,-2.261397101,-0.102235344,-81.59840947,-2.489430786,-0.107966956,-81.54357043,-2.820318403,-0.118103577
-79.71610891,0,4.02757E-05,-81.59914966,0.133612803,0.03803488,-81.70174417,-0.22566526,-0.035146307,-81.70329448,-0.505204694,-0.075227267,-81.79928027,-0.882006229,-0.080893566,-81.80400735,-1.268207819,-0.081998994,-81.84616843,-1.566397829,-0.083676221,-81.77346805,-1.936318675,-0.09352067,-81.85032189,-2.271197915,-0.101673187,-81.9352388,-2.500341706,-0.10740506,-81.88047621,-2.832609624,-0.117466652
-80.03380683,0,4.02495E-05,-81.92995599,0.133358113,0.038013937,-82.03399181,-0.227279461,-0.034928797,-82.03649796,-0.508137756,-0.074723884,-82.13273486,-0.886294292,-0.080545164,-82.13681094,-1.273777715,-0.081709577,-82.18058871,-1.573324062,-0.083308786,-82.10773429,-1.944639464,-0.09304811,-82.1849576,-2.280989692,-0.101061272,-82.27109552,-2.511242113,-0.106798614,-82.21642031,-2.844891755,-0.116774494
-80.35052293,0,4.01801E-05,-82.25980782,0.133055671,0.037982244,-82.36526668,-0.228922547,-0.034701772,-82.36873294,-0.511111654,-0.074187389,-82.46521206,-0.890596082,-0.080175155,-82.46864045,-1.279351146,-0.081391065,-82.51403278,-1.580252046,-0.082908879,-82.44102178,-1.952948072,-0.092538698,-82.51862115,-2.290776225,-0.100398209,-82.60597133,-2.522131764,-0.106150688,-82.55139068,-2.857169692,-0.116024844
-80.66625772,0,4.00719E-05,-82.58872001,0.132688679,0.037954131,-82.69557534,-0.230596651,-0.034465232,-82.70001136,-0.514126906,-0.073619695,-82.79672106,-0.894918121,-0.079779176,-82.79950342,-1.284934925,-0.081038818,-82.84649455,-1.587185348,-0.082475004,-82.77333556,-1.961248354,-0.091990715,-82.85130452,-2.300555626,-0.09968803,-82.93987187,-2.533011616,-0.105463697,-82.88539697,-2.869440979,-0.115223798
-80.98101134,0,3.99289E-05,-82.9166945,0.132257597,0.037926581,-83.02492683,-0.232310661,-0.034212549,-83.03034922,-0.517193261,-0.073013647,-83.12725432,-0.899262045,-0.079357608,-83.12939245,-1.290530023,-0.08065381,-83.17798083,-1.594123172,-0.082010316,-83.10467019,-1.969542416,-0.091404164,-83.18301405,-2.310325616,-0.098935816,-83.2728052,-2.543887928,-0.104734865,-83.21845032,-2.881708982,-0.114371831
-81.29478446,0,3.97555E-05,-83.24373888,0.131754871,0.037904496,-83.3533188,-0.234075715,-0.033934967,-83.35973125,-0.520320002,-0.07236244,-83.4568229,-0.903631388,-0.07890927,-83.45831403,-1.296135366,-0.080239342,-83.50849944,-1.601068442,-0.081514323,-83.43503102,-1.977831563,-0.090780303,-83.51375506,-2.320087612,-0.098143061,-83.60476073,-2.554761506,-0.103966283,-83.55053541,-2.893979565,-0.113466002
-81.60757864,0,3.95561E-05,-83.5698525,0.131160175,0.037905317,-83.68076139,-0.235894094,-0.033632778,-83.68817399,-0.523508715,-0.071667384,-83.78544386,-0.908040877,-0.078421958,-83.78627355,-1.301750283,-0.079798382,-83.83804193,-1.608023847,-0.080986509,-83.76442576,-1.986121237,-0.090116448,-83.84351936,-2.329840038,-0.097313983,-83.93574775,-2.565634729,-0.10315915,-83.88166277,-2.906251151,-0.112511771
-81.91939536,0,3.93351E-05,-83.8950574,0.130480935,0.037918461,-84.00726824,-0.237775445,-0.033299019,-84.01570037,-0.526771766,-0.070919211,-84.11310348,-0.912501207,-0.077887184,-84.11326348,-1.30737004,-0.079337868,-84.16661553,-1.614986722,-0.080432163,-84.09284561,-1.994414833,-0.089411623,-84.17231154,-2.339580966,-0.096453593,-84.26578014,-2.576516965,-0.102307884,-84.21184457,-2.918527915,-0.111508955
-82.23023575,0,3.90969E-05,-84.21935201,0.129714042,0.037943742,-84.33283391,-0.23973938,-0.032916896,-84.34228672,-0.530126654,-0.070103263,-84.43981762,-0.917014503,-0.0773056,-84.43929042,-1.312995229,-0.078859768,-84.49423012,-1.621961419,-0.079849726,-84.4202974,-2.002710587,-0.088670407,-84.50013738,-2.349313231,-0.095562197,-84.59484378,-2.587411441,-0.101412201,-84.54106005,-2.930813628,-0.110456609
-82.5401011,0,3.88462E-05,-84.54273144,0.128844664,0.037992528,-84.65747064,-0.241777928,-0.032497526,-84.66795426,-0.533565188,-0.069231216,-84.76560665,-0.921588391,-0.076672631,-84.7643654,-1.318637487,-0.078355147,-84.82087465,-1.628959774,-0.079229799,-84.74678702,-2.011006845,-0.087897266,-84.8269884,-2.35904023,-0.094639149,-84.92295268,-2.598322484,-0.100471722,-84.86932178,-2.943099387,-0.109367776
-82.84899214,0,3.85868E-05,-84.86521841,0.127870849,0.038063185,-84.9811841,-0.243894352,-0.032040958,-84.99270907,-0.537090604,-0.068303386,-85.09044886,-0.926232673,-0.075981133,-85.08847833,-1.324311046,-0.077812127,-85.14656004,-1.635982452,-0.07857468,-85.07230628,-2.019301393,-0.087096928,-85.1528704,-2.368762535,-0.093687107,-85.25012664,-2.609262522,-0.09947825,-85.19663057,-2.955382872,-0.108248604
-83.15690901,0,3.83221E-05,-85.18680809,0.126795688,0.038149144,-85.30398614,-0.246105538,-0.031533872,-85.31657394,-0.54072532,-0.06730133,-85.41436317,-0.930943121,-0.075238792,-85.41164191,-1.330020182,-0.077229255,-85.47129154,-1.643036023,-0.077880733,-85.39686281,-2.027592591,-0.08627403,-85.47779135,-2.378482628,-0.092706946,-85.57634195,-2.620236104,-0.098430137,-85.52299935,-2.967674444,-0.107093093
-83.46385215,0,3.80547E-05,-85.50749268,0.125610864,0.038255252,-85.62586544,-0.24841161,-0.030979718,-85.63951724,-0.544460927,-0.066237033,-85.73735478,-0.93572777,-0.074440966,-85.7338641,-1.335771425,-0.076602832,-85.79508837,-1.650138126,-0.077133655,-85.72045974,-2.035888773,-0.085423178,-85.80174134,-2.388204251,-0.09169783,-85.90161779,-2.631242732,-0.097332296,-85.84841005,-2.97997423,-0.105904339
-83.76982167,0,3.77871E-05,-85.82730046,0.124290591,0.038403752,-85.94683332,-0.250816575,-0.030378229,-85.96156049,-0.548304086,-0.065108038,-86.05944898,-0.940612439,-0.073565567,-86.05516737,-1.341583111,-0.075917755,-86.11793367,-1.657289413,-0.07633544,-86.04311202,-2.044208117,-0.084529477,-86.12472928,-2.39792402,-0.090666698,-86.22597799,-2.642290558,-0.096181284,-86.17287624,-2.992289184,-0.104679807
-84.07481748,0,3.7523E-05,-86.14622806,0.122845646,0.038580445,-86.26690471,-0.253333314,-0.02972025,-86.28273084,-0.552274086,-0.063899335,-86.38061336,-0.945590128,-0.072622622,-86.37553312,-1.347451891,-0.075180117,-86.43984644,-1.664495129,-0.075484484,-86.36480634,-2.052553996,-0.083592176,-86.44675863,-2.407644696,-0.089614279,-86.54939218,-2.653394402,-0.094965331,-86.49641962,-3.004634832,-0.103408764
-84.3788401,0,3.72678E-05,-86.46428304,0.121270798,0.038786848,-86.58606763,-0.255977691,-0.028993555,-86.60299151,-0.556376979,-0.06260849,-86.70087233,-0.95066267,-0.071614347,-86.69498145,-1.353383571,-0.074387815,-86.76085081,-1.671768471,-0.074571576,-86.68555907,-2.060933362,-0.082607776,-86.76784232,-2.417377348,-0.088533364,-86.87188336,-2.664552991,-0.093690678,-86.81901466,-3.017014881,-0.102090548
-84.68188995,0,3.70287E-05,-86.78145806,0.119551582,0.03903347,-86.90433797,-0.25873721,-0.028214692,-86.92237057,-0.560604939,-0.061247907,-87.02025281,-0.955840905,-0.070534213,-87.01353667,-1.359390858,-0.073532123,-87.08092081,-1.679120402,-0.073588805,-87.00539361,-2.069359079,-0.081567152,-87.08796728,-2.427125402,-0.087423677,-87.19345793,-2.675774373,-0.09235379,-87.14068531,-3.029433212,-0.100726305
-84.98396729,0,3.6811E-05,-87.09778735,0.117683134,0.039320715,-87.22172232,-0.261615151,-0.027384629,-87.24087474,-0.564961724,-0.059818383,-87.33871844,-0.961134384,-0.069376221,-87.33116914,-1.365485809,-0.072604167,-87.40007866,-1.686548356,-0.072543101,-87.32428781,-2.07783961,-0.080464585,-87.40714682,-2.436893619,-0.086284537,-87.51414511,-2.687079641,-0.090939053,-87.46146149,-3.041900815,-0.099310541
-85.28507305,1E-12,3.66146E-05,-87.41326138,0.115673657,0.039635887,-87.53823559,-0.264630828,-0.02648873,-87.55853155,-0.569474702,-0.058297735,-87.65629592,-0.966538021,-0.068150179,-87.64790113,-1.371665616,-0.071611039,-87.7183302,-1.694058753,-0.071432219,-87.64226204,-2.086372699,-0.07930641,-87.72540102,-2.446691148,-0.085111202,-87.83390319,-2.698460595,-0.089457848,-87.78130676,-3.054433339,-0.097830754
-85.58520909,2E-12,3.64309E-05,-87.72788508,0.113516045,0.039981571,-87.85386428,-0.267788043,-0.025527785,-87.87530082,-0.574127272,-0.05670702,-87.97299195,-0.972059611,-0.066852792,-87.96373848,-1.377937267,-0.070549801,-88.03570255,-1.701674321,-0.070238239,-87.95932122,-2.094962032,-0.078092848,-88.04270928,-2.456533676,-0.083891263,-88.15276176,-2.70991734,-0.087915963,-88.10024975,-3.067026329,-0.096297216
-85.88437693,1E-12,3.62408E-05,-88.04164641,0.111184254,0.040379623,-88.16862443,-0.271083757,-0.024509736,-88.19120945,-0.578920874,-0.055050292,-88.28883714,-0.977723691,-0.065464663,-88.2787084,-1.384320366,-0.069405473,-88.35215942,-1.709390649,-0.068969044,-88.27548671,-2.103624055,-0.076812016,-88.35909122,-2.466419416,-0.082631198,-88.47075308,-2.7214602,-0.086309348,-88.41829588,-3.079686261,-0.094708629
-86.18257738,-3E-12,3.60113E-05,-88.35458695,0.10867962,0.040824192,-88.48252193,-0.274524376,-0.023433112,-88.5062849,-0.5838651,-0.05332358,-88.60378592,-0.983525494,-0.063994581,-88.59277095,-1.390814445,-0.068182003,-88.66772782,-1.71720997,-0.067627501,-88.59072555,-2.112357066,-0.075468834,-88.6745535,-2.476354138,-0.081329691,-88.78782841,-2.733109632,-0.08462102,-88.73547791,-3.092432503,-0.093052025
-86.47981125,-8E-12,3.5688E-05,-88.66669532,0.106008947,0.041304325,-88.795573,-0.278136893,-0.022276008,-88.82048488,-0.588988567,-0.051502715,-88.91786742,-0.989460139,-0.062452929,-88.90595242,-1.39741515,-0.066888727,-88.98241492,-1.725138383,-0.066212247,-88.90505855,-2.121164975,-0.074064133,-88.98912165,-2.486349615,-0.079980179,-89.1040207,-2.744857772,-0.082865288,-89.05174643,-3.105267105,-0.091328464
-86.77607869,-7E-12,3.51852E-05,-88.97797695,0.103169995,0.041817915,-89.10776473,-0.28191558,-0.021048923,-89.13383997,-0.594274352,-0.04961007,-89.23108582,-0.995530604,-0.060841869,-89.21825741,-1.404125783,-0.065527054,-89.29625104,-1.733206506,-0.064698253,-89.21849088,-2.130054622,-0.072595396,-89.30276449,-2.496415997,-0.078576131,-89.41933545,-2.756710448,-0.08104195,-89.36713401,-3.118189367,-0.089545118
-87.07137928,5E-12,3.4376E-05,-89.2884144,0.100140932,0.042382491,-89.41911316,-0.28585794,-0.019759652,-89.44635657,-0.599727373,-0.047645962,-89.54347071,-1.001764043,-0.059139991,-89.52971439,-1.41096747,-0.064081296,-89.60919264,-1.741396905,-0.063106945,-89.53105061,-2.139050994,-0.07104276,-89.6155045,-2.506553425,-0.077122919,-89.73380812,-2.768682281,-0.079143304,-89.68164665,-3.131205508,-0.087701231
-87.36571303,2.4E-11,3.30833E-05,-89.59805127,0.09692275,0.042991994,-89.72962348,-0.289966927,-0.018410601,-89.75806386,-0.605356068,-0.045607855,-89.85497575,-1.008151556,-0.057360407,-89.84028108,-1.417939362,-0.062556292,-89.9212687,-1.749715691,-0.061438225,-89.84270088,-2.148144013,-0.069419705,-89.92734657,-2.516771119,-0.075616318,-90.04738379,-2.780778691,-0.07716756,-89.99532285,-3.14434205,-0.085777181
-87.6590798,3.1E-11,3.10735E-05,-89.90687135,0.093519283,0.043638163,-90.03930848,-0.294265243,-0.016984647,-90.06892031,-0.611183107,-0.04347798,-90.16563347,-1.014694418,-0.055507573,-90.14998818,-1.425040949,-0.06095819,-90.23248487,-1.758168607,-0.059691829,-90.15347222,-2.157338253,-0.067727212,-90.23832205,-2.527086759,-0.074044475,-90.3600979,-2.792990666,-0.075130932,-90.30810497,-3.157589912,-0.083785137
-87.95147937,6E-12,2.80492E-05,-90.21488062,0.089924092,0.044323071,-90.34815438,-0.298746776,-0.015493229,-90.37895412,-0.617187184,-0.041284051,-90.47545039,-1.021398442,-0.053581101,-90.45884216,-1.432278139,-0.059286416,-90.5428721,-1.766789495,-0.057840241,-90.46337188,-2.166639583,-0.0659647,-90.54838764,-2.537510192,-0.072401012,-90.67195542,-2.805324337,-0.073033367,-90.62002933,-3.170951179,-0.081730322
-88.24291237,-6.1E-11,2.36446E-05,-90.52205946,0.086120654,0.045059205,-90.65617494,-0.303407646,-0.013945834,-90.68816972,-0.623374066,-0.039026285,-90.78445984,-1.028290493,-0.051560364,-90.76687592,-1.439669899,-0.057528155,-90.8523845,-1.775556642,-0.055909401,-90.77243115,-2.176073935,-0.064112592,-90.85757576,-2.54803447,-0.070698962,-90.98299403,-2.817799775,-0.070862111,-90.93110068,-3.184431444,-0.07961327
-88.53338061,-1.17E-10,1.74217E-05,-90.82846453,0.082098694,0.045851757,-90.9633764,-0.30825384,-0.012341807,-90.9965728,-0.629749834,-0.036704407,-91.0926156,-1.035364307,-0.049456296,-91.07404407,-1.447221754,-0.055682316,-91.16105547,-1.784476182,-0.05389963,-91.08060596,-2.185632014,-0.062184423,-91.16589411,-2.558664099,-0.068939288,-91.29315451,-2.830425351,-0.068612266,-91.24135895,-3.198059364,-0.07741299
-88.82288582,-8E-11,8.86696E-06,-91.13407626,0.077875894,0.046678703,-91.2697706,-0.313303203,-0.010668779,-91.3041883,-0.636354599,-0.034284503,-91.39995061,-1.04261629,-0.047279211,-91.38037885,-1.454926512,-0.053762617,-91.46889119,-1.793553563,-0.051811411,-91.38792592,-2.195316016,-0.060184644,-91.47337701,-2.569410564,-0.067117218,-91.60247356,-2.843192722,-0.066299562,-91.55074053,-3.211823792,-0.075143786
-89.11142919,1.04E-10,-2.61567E-06,-91.43889813,0.073448452,0.047538981,-91.5753485,-0.318570255,-0.008917636,-91.61097892,-0.643160678,-0.031799223,-91.70647043,-1.050051701,-0.045030091,-91.6858857,-1.462789682,-0.051769569,-91.77592363,-1.802818251,-0.049622161,-91.69439587,-2.205130957,-0.058114127,-91.77997558,-2.580297685,-0.065212886,-91.91095594,-2.856107167,-0.063924841,-91.85928668,-3.225726937,-0.072811156
-89.39901195,3.55E-10,-1.76991E-05,-91.74293453,0.06881089,0.048433225,-91.88012212,-0.324039624,-0.00710958,-91.91697072,-0.650172865,-0.029250063,-92.01220602,-1.057687424,-0.04269886,-91.99059674,-1.470818794,-0.049702377,-92.08210647,-1.812258899,-0.047347843,-92.00004741,-2.215095116,-0.055961262,-92.08572516,-2.591316085,-0.06324252,-92.21863978,-2.869182465,-0.061481777,-92.16700435,-3.239774993,-0.070415085
-89.6856345,4.26E-10,-3.71025E-05,-92.04615841,0.063927404,0.049393121,-92.18409696,-0.329716087,-0.005245526,-92.22216972,-0.657396025,-0.026637964,-92.31711034,-1.065539066,-0.040274806,-92.29446209,-1.479044683,-0.047534872,-92.38747191,-1.821874588,-0.044996527,-92.30483372,-2.22521404,-0.053724689,-92.3906321,-2.60247257,-0.061205307,-92.5254643,-2.882438247,-0.058954067,-92.47393373,-3.253990436,-0.067940977
-89.97129645,4.8E-11,-6.1566E-05,-92.34863913,0.058816765,0.05039429,-92.48727796,-0.335604473,-0.003326402,-92.52659692,-0.664855091,-0.023944325,-92.62121534,-1.073590677,-0.037780644,-92.59751233,-1.487445355,-0.04529589,-92.69202523,-1.831670465,-0.042569479,-92.60878874,-2.235482425,-0.051416531,-92.69470284,-2.613771509,-0.059102949,-92.83146954,-2.895858425,-0.056365333,-92.78000779,-3.268370227,-0.065394906
-90.25599779,-8.88E-10,-9.18449E-05,-92.65035201,0.053479042,0.051432526,-92.78967127,-0.341737007,-0.001325721,-92.83022473,-0.672551753,-0.021172691,-92.92452709,-1.081847181,-0.035217474,-92.89975135,-1.49602506,-0.042987276,-92.99579627,-1.841661106,-0.040059272,-92.91192116,-2.245907592,-0.04903556,-92.99797208,-2.625235707,-0.056919812,-93.13666236,-2.909448352,-0.053716347,-93.08526725,-3.282905314,-0.062793915
-90.53973957,-1.622E-09,-0.000128716,-92.95130382,0.047909702,0.052507722,-93.09128082,-0.348099939,0.000737187,-93.13307747,-0.680474776,-0.018340798,-93.22705051,-1.090313422,-0.032586566,-93.20118462,-1.504788294,-0.04061056,-93.29873933,-1.851865849,-0.037451313,-93.21423826,-2.256496733,-0.046581008,-93.30038665,-2.636859774,-0.054665264,-93.44104838,-2.923213237,-0.051008131,-93.38971515,-3.297599399,-0.060140546
-90.82252279,-1.119E-09,-0.000173007,-93.25146033,0.042103484,0.053621037,-93.3921146,-0.354690325,0.002853559,-93.43516025,-0.688629158,-0.015449882,-93.52880849,-1.09901925,-0.029864951,-93.50184166,-1.51375095,-0.038156692,-93.60088346,-1.862266801,-0.034770775,-93.51576945,-2.267283173,-0.044027241,-93.60197908,-2.648642842,-0.052347483,-93.74466191,-2.937184975,-0.048216433,-93.69338917,-3.312460897,-0.057434098
-91.10434808,1.355E-09,-0.000225644,-93.5509003,0.036020567,0.05480573,-93.69217816,-0.361512747,0.005022094,-93.73647826,-0.697020222,-0.012500868,-93.82976262,-1.107955614,-0.027066794,-93.80168045,-1.522933777,-0.035609683,-93.90223242,-1.872868706,-0.032019303,-93.81646785,-2.278252759,-0.041393467,-93.90275358,-2.660592721,-0.049964776,-94.04744853,-2.951349359,-0.04535891,-93.99622517,-3.327521992,-0.054644859
-91.38521647,4.782E-09,-0.000287648,-93.84959003,0.029691689,0.056026712,-93.99147711,-0.36857172,0.007241433,-94.03704352,-0.7056845,-0.009463536,-94.12994017,-1.117117023,-0.024204378,-94.10073534,-1.532322609,-0.032990754,-94.20279145,-1.88367632,-0.029198394,-94.11636617,-2.289408437,-0.038684423,-94.20271694,-2.672717023,-0.047515475,-94.34944399,-2.965704885,-0.042444653,-94.29826428,-3.342760304,-0.051802649
-91.6651283,5.951E-09,-0.000360192,-94.14753441,0.023112408,0.057283715,-94.29000743,-0.375903103,0.009541697,-94.33684426,-0.714603467,-0.00636202,-94.4293461,-1.126507998,-0.02127933,-94.39901359,-1.541923444,-0.030300589,-94.50258353,-1.894710512,-0.026294131,-94.41547009,-2.300755927,-0.035901071,-94.50190302,-2.685047811,-0.044974644,-94.65065321,-2.980256444,-0.039474864,-94.5995105,-3.358180685,-0.048908462
-91.9440832,1.316E-09,-0.000444609,-94.4447383,0.016278238,0.058576674,-94.58778449,-0.383486418,0.011896143,-94.63589392,-0.723771928,-0.003207833,-94.72798638,-1.136132899,-0.01829342,-94.69652158,-1.551740631,-0.027541806,-94.80157601,-1.905979534,-0.023303208,-94.71378588,-2.312299843,-0.033045395,-94.80026256,-2.697568475,-0.042362769,-94.95108189,-2.995008913,-0.036450607,-94.89996833,-3.37378777,-0.045963606
-92.22208126,-1.0763E-08,-0.000542379,-94.74120763,0.00918462,0.059905629,-94.88480629,-0.391320678,0.014298157,-94.93419596,-0.733191671,-5.14845E-06,-95.0258787,-1.146022399,-0.015222483,-94.99328272,-1.561783561,-0.024712638,-95.09979627,-1.917469768,-0.02024641,-95.01133963,-2.324072734,-0.030092213,-95.09783164,-2.710278802,-0.039687633,-95.2507566,-3.010002945,-0.033338268,-95.19967193,-3.389594845,-0.042962245
-92.49912366,-2.2674E-08,-0.000655142,-95.03689669,0.001796377,0.061302458,-95.18107806,-0.399410312,0.016746758,-95.23175277,-0.74286473,0.003242178,-95.323003,-1.156166065,-0.012082448,-95.28926158,-1.572079712,-0.021791252,-95.39724959,-1.929185565,-0.017126047,-95.30809438,-2.336055771,-0.02706544,-95.39461492,-2.723182925,-0.036951734,-95.54963258,-3.025207714,-0.03017221,-95.49856517,-3.405623762,-0.039885292
-92.77521151,-1.9737E-08,-0.000784769,-95.33191198,-0.005868414,0.062741681,-95.47660505,-0.407759284,0.01924055,-95.52855943,-0.75282197,0.006559382,-95.61937859,-1.166558393,-0.008885771,-95.58448023,-1.582604742,-0.018809375,-95.69394102,-1.941130764,-0.013945057,-95.60407723,-2.348248757,-0.023973027,-95.6906165,-2.736284995,-0.034157576,-95.8477386,-3.040628108,-0.02695468,-95.79668514,-3.421854726,-0.03676004
-93.05034546,9.106E-09,-0.000933447,-95.62620923,-0.013805531,0.064215106,-95.77137403,-0.416390489,0.021797512,-95.82462775,-0.763053728,0.009930916,-95.91501063,-1.177204532,-0.005633763,-95.87894117,-1.593362555,-0.015769441,-95.98988383,-1.953317624,-0.010698224,-95.89929322,-2.360655733,-0.020817827,-95.98586215,-2.749608292,-0.031289295,-96.14507939,-3.05626862,-0.023686896,-96.09403762,-3.438292601,-0.033587384
-93.32452652,5.7006E-08,-0.00110361,-95.91979364,-0.022018229,0.065720868,-96.06542548,-0.42530727,0.024414368,-96.11996135,-0.773553111,0.013344615,-96.20990275,-1.188109175,-0.002328147,-96.17264913,-1.604357233,-0.012673299,-96.28506166,-1.965769704,-0.007367788,-96.19374617,-2.373280802,-0.017602617,-96.2803097,-2.763151744,-0.028352106,-96.44165948,-3.072133798,-0.020369946,-96.39062723,-3.454941835,-0.030368629
-93.59775506,8.365E-08,-0.001298013,-96.21266891,-0.030510058,0.067257508,-96.3587482,-0.434495683,0.027071679,-96.41456607,-0.784324642,0.016799558,-96.50405548,-1.199285647,0.001038104,-96.46560936,-1.615593858,-0.009521783,-96.57948844,-1.978466134,-0.003981609,-96.48744904,-2.386143314,-0.014315374,-96.57398598,-2.776908505,-0.025359962,-96.73749631,-3.088259242,-0.016974558,-96.68645884,-3.471806425,-0.02710552
-93.87003078,4.2589E-08,-0.001519819,-96.50477183,-0.039290695,0.06883176,-96.65134767,-0.443961906,0.029769623,-96.70844803,-0.795372487,0.020294195,-96.79746864,-1.210751032,0.004476027,-96.75783365,-1.627097506,-0.006296135,-96.87316827,-1.99141367,-0.000539243,-96.78038109,-2.399256082,-0.010948855,-96.86689564,-2.790884945,-0.02231238,-97.03256749,-3.104625434,-0.013524321,-96.98155434,-3.488926534,-0.023764573
-94.14135395,-9.5419E-08,-0.001772493,-96.79623164,-0.048398883,0.070474028,-96.94323104,-0.453712424,0.03250889,-97.00159078,-0.806706117,0.023832903,-97.09014756,-1.222479551,0.007953995,-97.04931713,-1.638872543,-0.002997898,-97.16610806,-2.004618894,0.002959868,-97.07256367,-2.412605876,-0.00752328,-97.15904602,-2.805087419,-0.019208771,-97.32689427,-3.121230668,-0.010027643,-97.27588033,-3.506270068,-0.02038131
-94.41172587,-2.64221E-07,-0.002059791,-97.0869952,-0.057806875,0.072154057,-97.23440411,-0.463753308,0.035289841,-97.29403763,-0.818358737,0.027441186,-97.38209482,-1.234474419,0.011469673,-97.34007487,-1.650908466,0.000355114,-97.45831456,-2.018086678,0.006514457,-97.36400374,-2.42619854,-0.004039312,-97.45044418,-2.819521614,-0.016049486,-97.62048149,-3.138078522,-0.006486907,-97.56945988,-3.523843626,-0.016955997
-94.68114769,-3.0865E-07,-0.0023859,-97.37707007,-0.067519183,0.073871904,-97.52483188,-0.474114644,0.038138115,-97.58577514,-0.830299627,0.031082868,-97.6733159,-1.24674189,0.015023902,-97.6301131,-1.663210864,0.003761169,-97.74978412,-2.031840042,0.010141534,-97.65470902,-2.440039308,-0.000498515,-97.7411072,-2.834220847,-0.012808165,-97.91333431,-3.155172386,-0.002904626,-97.86229707,-3.54165358,-0.013487846
-94.94962007,-6.1611E-08,-0.002755475,-97.66646157,-0.077536947,0.07562379,-97.8145887,-0.484787921,0.041036982,-97.87680768,-0.842532147,0.034755544,-97.96381898,-1.259288822,0.018618131,-97.91943822,-1.675785244,0.007218594,-98.0405374,-2.045880801,0.013835496,-97.94468742,-2.454133247,0.003097103,-98.03101974,-2.849168756,-0.009506718,-98.20545531,-3.172522841,0.000724041,-98.15439868,-3.559706338,-0.009975813
-95.21714402,5.47043E-07,-0.003173419,-97.95517267,-0.087860626,0.077404853,-98.10364471,-0.495762761,0.04397183,-98.16713865,-0.855059757,0.038457212,-98.25358865,-1.272134134,0.022266426,-98.20805447,-1.688636868,0.010725772,-98.33057283,-2.060194575,0.017575297,-98.23393706,-2.468499596,0.006759747,-98.32020088,-2.864364863,-0.006153326,-98.49684285,-3.190159308,0.004423,-98.44577637,-3.578018656,-0.006408921
-95.4837214,1.14469E-06,-0.00364447,-98.24320394,-0.098491064,0.0792105,-98.39200336,-0.507042316,0.046940596,-98.45676991,-0.86788697,0.04218703,-98.54266761,-1.285296923,0.025979689,-98.49594914,-1.701781376,0.014292411,-98.61989457,-2.074786047,0.02135885,-98.52246789,-2.483152405,0.010495588,-98.60865713,-2.879816134,-0.002748026,-98.78750586,-3.208058826,0.008163624,-98.73642228,-3.596610786,-0.002771648
-95.74935357,1.14111E-06,-0.004173584,-98.53046807,-0.10946331,0.081073907,-98.67966911,-0.518629755,0.049941333,-98.7456572,-0.881019656,0.045947817,-98.83104276,-1.298755109,0.029729865,-98.78314855,-1.715237915,0.017930426,-98.90850853,-2.0896602,0.025184851,-98.81028172,-2.498077005,0.014282977,-98.89639703,-2.89552997,0.000709954,-99.07745266,-3.226228606,0.011947961,-99.02635543,-3.615461942,0.000908736
-96.01404114,-1.32015E-07,-0.004766167,-98.81713474,-0.120758262,0.082965138,-98.96664733,-0.530528254,0.052972109,-99.03389626,-0.894503711,0.049776307,-99.11871902,-1.312512835,0.033514739,-99.06964888,-1.728985123,0.021613203,-99.19641968,-2.104822114,0.029052421,-99.09738567,-2.513280103,0.018122238,-99.18342726,-2.911513592,0.004221431,-99.3666912,-3.244676255,0.015778278,-99.3155819,-3.63457839,0.00463226
-96.27778469,-2.57893E-06,-0.00542877,-99.10312822,-0.132373378,0.084880682,-99.25288099,-0.542746442,0.056038809,-99.32145167,-0.908304667,0.053634491,-99.40570076,-1.326575142,0.03733337,-99.3554554,-1.74302786,0.025339936,-99.48359589,-2.120284699,0.032970382,-99.38378702,-2.528768568,0.022014078,-99.46974241,-2.927787495,0.007800911,-99.65523033,-3.263410085,0.019657072,-99.60410853,-3.653969504,0.00840193
-96.54058411,-4.38191E-06,-0.006170121,-99.38845471,-0.144313168,0.086820984,-99.53848714,-0.555318648,0.059165181,-99.6083296,-0.922426725,0.05752069,-99.69199428,-1.340948239,0.041186295,-99.64057513,-1.75737213,0.029110681,-99.77010385,-2.136081216,0.036962642,-99.66949436,-2.544549558,0.02595933,-99.75535762,-2.944368232,0.011457861,-99.9430793,-3.282438541,0.023586567,-99.89194393,-3.673645704,0.01222206
-96.80243868,-3.3651E-06,-0.00699964,-99.67312127,-0.156581828,0.088785577,-99.8234149,-0.568217507,0.062320396,-99.8945361,-0.93687385,0.061432702,-99.9776076,-1.355638565,0.045074432,-99.92501631,-1.772024183,0.032925406,-100.0559225,-2.152187274,0.041000402,-99.95451676,-2.560630259,0.029958513,-100.0402765,-2.961240093,0.015170582,-100.2302115,-3.301806589,0.027607237,-100.1790944,-3.693616507,0.016096269
-97.06334849,2.22282E-06,-0.00792638,-99.95713499,-0.169183469,0.090773211,-100.1076713,-0.581449141,0.065505108,-100.1800747,-0.95164983,0.065367984,-100.2624897,-1.37067748,0.049026229,-100.2087846,-1.786989856,0.036783182,-100.3410581,-2.168607856,0.045082532,-100.2388213,-2.57704066,0.034036582,-100.324505,-2.978408548,0.018938445,-100.5166857,-3.32148002,0.031674547,-100.4655386,-3.713921186,0.020059636
-97.32331525,1.10217E-05,-0.008956185,-100.2405,-0.182122115,0.092781911,-100.3912633,-0.595019093,0.068719355,-100.4649465,-0.966758199,0.069323776,-100.5467493,-1.386058111,0.053022835,-100.4918355,-1.802282708,0.040692988,-100.6255151,-2.185344293,0.049203963,-100.5224795,-2.593772811,0.038174109,-100.6080479,-2.995876928,0.022758598,-100.8024745,-3.341453915,0.035779214,-100.7513155,-3.734520817,0.024064935
-97.58234068,1.62615E-05,-0.010089626,-100.5231027,-0.195429861,0.094842868,-100.674198,-0.608932243,0.071962246,-100.7490661,-0.982207555,0.073307499,-100.8303383,-1.401769682,0.05704938,-100.774256,-1.817924801,0.044665428,-100.9092957,-2.202396991,0.053358618,-100.8054584,-2.610812971,0.042352,-100.8909086,-3.013647902,0.026627472,-101.0875741,-3.361726012,0.0399139,-101.0364035,-3.755409623,0.028102525
-97.84042616,1.01439E-05,-0.011326566,-100.8051676,-0.209094745,0.09692794,-100.9564826,-0.62319332,0.075232496,-101.0326022,-0.998031274,0.077338392,-101.113259,-1.417815349,0.061102742,-101.056009,-1.833891505,0.048671867,-101.1924001,-2.219766371,0.057540633,-101.0877567,-2.62816119,0.046564066,-101.1730885,-3.031723641,0.030541027,-101.3719821,-3.382295302,0.044073524,-101.3207988,-3.776584877,0.032165385
-98.09757322,-1.27775E-05,-0.012669412,-101.0865911,-0.223110227,0.099030553,-101.2381214,-0.63780669,0.078528167,-101.3154799,-1.014197888,0.081384314,-101.3955143,-1.434197331,0.065179393,-101.3370976,-1.850185346,0.05270935,-101.4747567,-2.237452327,0.06174851,-101.3693745,-2.645818272,0.050805842,-101.4545493,-3.050104544,0.034496192,-101.655699,-3.403162269,0.048255133,-101.6045003,-3.798045461,0.036248803
-98.35378297,-4.46225E-05,-0.014133997,-101.3673783,-0.237480551,0.101150449,-101.5190108,-0.652802809,0.081878819,-101.5977041,-1.030710368,0.085443248,-101.6771076,-1.450916836,0.069275213,-101.6175255,-1.866807878,0.056774238,-101.7565002,-2.255496049,0.066009794,-101.650314,-2.663785993,0.05507443,-101.7353601,-3.068822728,0.038514963,-101.9387276,-3.424327798,0.05245618,-101.8875093,-3.819790771,0.040348862
-98.60905626,-6.04692E-05,-0.015753529,-101.6475355,-0.252209683,0.103287027,-101.7993524,-0.668169206,0.085255325,-101.8792805,-1.047571627,0.089512807,-101.9580424,-1.467974901,0.073386075,-101.8972964,-1.883760458,0.060862617,-102.0375701,-2.273861247,0.070287304,-101.9305797,-2.682066374,0.059367206,-102.0154886,-3.087842216,0.042558369,-102.2210052,-3.445825365,0.056711009,-102.1698281,-3.841821288,0.044462489
-98.86339327,-3.24089E-05,-0.017564628,-101.9270696,-0.26730153,0.105439235,-102.0790515,-0.683896894,0.088648387,-102.1602123,-1.064784671,0.093590196,-102.2382249,-1.485372225,0.077513338,-102.1764128,-1.901044822,0.064970565,-102.3179692,-2.292551105,0.074579369,-102.2101752,-2.7006619,0.063681445,-102.2949346,-3.107164402,0.04662301,-102.5026598,-3.467631867,0.060982271,-102.4514021,-3.864169147,0.048621961
-99.11679615,5.70811E-05,-0.019593923,-102.2059843,-0.282759888,0.107605278,-102.3581109,-0.699988272,0.092055572,-102.4405002,-1.082353572,0.097673278,-102.5178379,-1.503152172,0.081683463,-102.4548749,-1.918664748,0.069095772,-102.5977029,-2.311570783,0.078885862,-102.4890185,-2.719605546,0.068049658,-102.5737023,-3.126795155,0.050709964,-102.783639,-3.489747362,0.065268573,-102.7323405,-3.886825146,0.052804839
-99.36927732,0.000173155,-0.021815629,-102.48428,-0.298588704,0.109783037,-102.6365351,-0.716445264,0.095474121,-102.7201465,-1.100283433,0.101760965,-102.7967973,-1.521282176,0.085863404,-102.7325925,-1.936626078,0.073243849,-102.8767785,-2.330925815,0.083206537,-102.7672708,-2.738881052,0.072438389,-102.8517998,-3.146741269,0.054821025,-103.0639467,-3.51217621,0.069568021,-103.0126031,-3.909788134,0.057008031
-99.62088135,0.000225311,-0.024142141,-102.7618055,-0.314810061,0.111997516,-102.9143291,-0.733269732,0.098901015,-102.9990142,-1.118586943,0.105869598,-103.0751088,-1.539767638,0.090052866,-103.009748,-1.954968232,0.077436882,-103.1552013,-2.350621554,0.087540337,-103.0448637,-2.758487676,0.07684524,-103.1292343,-3.167009154,0.05895689,-103.3435848,-3.534921867,0.073877719,-103.2921972,-3.933062648,0.061229866
-99.87170346,0.000113593,-0.026467575,-103.0388637,-0.331430161,0.114232448,-103.191496,-0.750464073,0.102333295,-103.277383,-1.137292892,0.110004889,-103.3527784,-1.558613557,0.094251074,-103.2862634,-1.97366212,0.081645222,-103.4329731,-2.370663064,0.091885371,-103.3218026,-2.778430577,0.081268846,-103.4060096,-3.187603971,0.063115988,-103.6225552,-3.557987186,0.078194517,-103.5711275,-3.956649707,0.065464928
-100.1218681,-0.000260386,-0.028692863,-103.3153141,-0.348433766,0.116476184,-103.4680355,-0.768033577,0.105770399,-103.5551262,-1.156373249,0.114142068,-103.6298128,-1.577824538,0.098456557,-103.5621453,-1.992712359,0.085867329,-103.7100966,-2.39105539,0.096239718,-103.5980942,-2.798714609,0.085707552,-103.682129,-3.208530228,0.067295513,-103.900862,-3.581375054,0.082515944,-103.8493961,-3.980549739,0.069707383
-100.3714868,-0.000993829,-0.030749735,-103.5911632,-0.365825205,0.118728315,-103.7437953,-0.785982218,0.109220395,-103.8322485,-1.17583075,0.118278427,-103.9062191,-1.59740513,0.102667578,-103.8374006,-2.012123476,0.09010138,-103.9864401,-2.411820994,0.100629713,-103.8737455,-2.81934459,0.090159744,-103.9575036,-3.22980083,0.071508463,-104.1785084,-3.605089103,0.086840634,-104.1270033,-4.004763744,0.073952433
-100.620783,-0.002183846,-0.03259526,-103.8664186,-0.383608831,0.120988144,-104.0190834,-0.804361116,0.112709384,-104.1087521,-1.195667926,0.122410834,-104.1820016,-1.617359619,0.106881953,-104.1120331,-2.031899767,0.094345084,-104.2622714,-2.432965126,0.105035343,-104.1487611,-2.840325105,0.094623499,-104.2323142,-3.251436569,0.075755555,-104.4553802,-3.629156484,0.091200938,-104.4039505,-4.029294701,0.078197817
-100.8700946,-0.003929372,-0.034187984,-104.1410845,-0.401788776,0.123254192,-104.2937629,-0.823136407,0.116207279,-104.3846369,-1.215887077,0.126535831,-104.457161,-1.637691913,0.111097073,-104.3860434,-2.052045283,0.098595764,-104.5374693,-2.454472132,0.109444752,-104.4231416,-2.861660451,0.09909645,-104.5064826,-3.273417692,0.080017341,-104.7317125,-3.653575594,0.09557029,-104.6801368,-4.054155697,0.082461233
-101.119595,-0.006320605,-0.035470634,-104.4151613,-0.420368904,0.125524216,-104.5678402,-0.842310028,0.119710367,-104.6599036,-1.236490494,0.13065019,-104.7315329,-1.658398282,0.115315484,-104.6594328,-2.072564136,0.102851038,-104.8120386,-2.476344388,0.113854763,-104.6968888,-2.883354938,0.103576307,-104.780016,-3.295749029,0.084292839,-105.0074018,-3.678338632,0.099944212,-104.9557656,-4.079365889,0.086739368
-101.3692159,-0.009395887,-0.036419375,-104.6886501,-0.439353091,0.127795993,-104.8413194,-0.86188315,0.123213949,-104.934555,-1.257480593,0.134751383,-105.0054416,-1.679533021,0.11956197,-104.9322058,-2.093460609,0.107109403,-105.0859812,-2.498584344,0.118262076,-104.9698537,-2.905423548,0.10808427,-105.0529192,-3.318435246,0.088580765,-105.2824499,-3.703449505,0.10432005,-105.2307442,-4.104905579,0.091015924
-101.6188056,-0.01313828,-0.037068484,-104.9615543,-0.458745351,0.130068142,-105.114201,-0.881856984,0.126713323,-105.2085941,-1.278860167,0.138837742,-105.278736,-1.701057887,0.123804851,-105.2043673,-2.114739001,0.111369854,-105.3592969,-2.521195241,0.12266398,-105.2423355,-2.927882379,0.112607209,-105.3251935,-3.341480855,0.092879201,-105.5568582,-3.728911016,0.108693965,-105.5050765,-4.130779894,0.095290249
-101.8682929,-0.017519911,-0.037473325,-105.2338778,-0.478549602,0.132339957,-105.3864831,-0.90223397,0.130205253,-105.4818091,-1.300619072,0.142911625,-105.551422,-1.722977965,0.128044167,-105.4757512,-2.136398485,0.115639893,-105.6319874,-2.544181173,0.127058616,-105.5141984,-2.950714083,0.117133337,-105.5968406,-3.36489047,0.097186011,-105.8306291,-3.754726001,0.113062755,-105.7787683,-4.15699413,0.099561547
-102.1177158,-0.022517204,-0.037679324,-105.5054112,-0.498784169,0.134641101,-105.6581667,-0.923018075,0.133688444,-105.7546179,-1.3228249,0.147002899,-105.823506,-1.74529844,0.132279752,-105.7466968,-2.158485972,0.119934369,-105.9040581,-2.567546532,0.131444846,-105.7854493,-2.973923379,0.121661425,-105.8678645,-3.388668835,0.101499473,-106.1037655,-3.780897267,0.117423874,-106.0518246,-4.183553517,0.103828736
-102.367165,-0.028121669,-0.037706847,-105.7765739,-0.519456818,0.136944116,-105.9292566,-0.94421369,0.137162678,-106.0268247,-1.345433523,0.151078004,-106.0949927,-1.768023782,0.136510163,-106.0170469,-2.180968419,0.124226749,-106.175514,-2.591296443,0.135822449,-106.0560925,-2.997514686,0.12618958,-106.1382696,-3.412820267,0.105817785,-106.3762716,-3.807427699,0.121775224,-106.324251,-4.210463443,0.108090699
-102.6167044,-0.034339342,-0.037558657,-106.0471674,-0.540551682,0.139243046,-106.1997577,-0.96582531,0.140628118,-106.298434,-1.368449196,0.155135525,-106.3658834,-1.79115635,0.140731343,-106.2868016,-2.203849635,0.128514311,-106.4463619,-2.615437534,0.140192343,-106.3261286,-3.021491967,0.13071509,-106.4080618,-3.437348566,0.110138778,-106.6481525,-3.834320239,0.126114837,-106.5960542,-4.237729386,0.112346544
-102.866334,-0.04117803,-0.037239649,-106.3171952,-0.562072955,0.141536832,-106.4696728,-0.987857658,0.144084681,-106.569451,-1.391875766,0.159173226,-106.6361786,-1.814697028,0.144937813,-106.5559622,-2.227133437,0.132794369,-106.7163834,-2.639972049,0.144571131,-106.595559,-3.045859122,0.135235176,-106.6772479,-3.462257401,0.114460167,-106.9194114,-3.861577744,0.13044038,-106.8672383,-4.265356406,0.116595149
-103.1160054,-0.048643369,-0.036760901,-106.5866624,-0.584026343,0.143825471,-106.7387627,-1.010308925,0.147545131,-106.8398811,-1.415717061,0.16318883,-106.9058801,-1.83864672,0.149124738,-106.8245327,-2.250823838,0.137065073,-106.9860243,-2.664948253,0.148960676,-106.8643874,-3.070620233,0.139747828,-106.9456482,-3.487550554,0.118796835,-107.1898467,-3.889215578,0.134782048,-107.1378048,-4.293347973,0.120833876
-103.3656667,-0.056736864,-0.036136422,-106.8555761,-0.606417917,0.14610932,-107.0075081,-1.033229666,0.151014693,-107.1097278,-1.439976769,0.167180168,-107.1749894,-1.863007798,0.153289514,-107.092517,-2.274924765,0.141325135,-107.2550733,-2.690333056,0.153339832,-107.1326178,-3.095779449,0.144251619,-107.2136162,-3.513261954,0.123143333,-107.4598509,-3.917246711,0.139107331,-107.40757,-4.321694873,0.125066977
-103.6152979,-0.065456822,-0.035375854,-107.1239412,-0.629253275,0.148388497,-107.2756823,-1.056586439,0.154472602,-107.3789913,-1.464658566,0.171145283,-107.4435109,-1.887786078,0.157433188,-107.3599179,-2.299439795,0.145573033,-107.52353,-2.716127748,0.157702988,-107.4002562,-3.121341167,0.148745376,-107.4809829,-3.539370118,0.127487429,-107.7292395,-3.94565663,0.143414805,-107.6768938,-4.350452324,0.129306899
-103.8649119,-0.074801854,-0.034480085,-107.3917594,-0.652536407,0.150661661,-107.5432912,-1.080384864,0.157917947,-107.6476733,-1.489766384,0.175082712,-107.7114534,-1.912988867,0.161558004,-107.6267383,-2.324372439,0.149806789,-107.7913953,-2.742333664,0.162045528,-107.6673095,-3.1473099,0.153227795,-107.7477548,-3.565882444,0.1318302,-107.9980175,-3.974450251,0.147703583,-107.9456047,-4.379581447,0.133527835
-104.1145324,-0.084771336,-0.033446389,-107.6590321,-0.676270091,0.152926483,-107.8103422,-1.104630697,0.16135014,-107.9157776,-1.515304355,0.178991718,-107.9785398,-1.938617543,0.165686803,-107.8929826,-2.349726318,0.154024245,-108.05867,-2.768952646,0.166364486,-107.9337818,-3.173689853,0.157696848,-108.0139396,-3.59280483,0.136171364,-108.2661911,-4.003632183,0.15197232,-108.2137075,-4.409086961,0.137729337
-104.3641708,-0.095365247,-0.032275735,-107.925763,-0.700457091,0.155181148,-108.0768401,-1.129329193,0.164768441,-108.1833084,-1.541276353,0.18287164,-108.2453268,-1.964718085,0.169806401,-108.1586538,-2.375505524,0.158223437,-108.3253549,-2.795987783,0.170658687,-108.1994019,-3.200473048,0.162165173,-108.279544,-3.620139366,0.140506754,-108.5337669,-4.033206957,0.156219399,-108.4812093,-4.438974223,0.141911287
-104.6138189,-0.106583773,-0.03097559,-108.191955,-0.725100434,0.157424728,-108.3427865,-1.154484074,0.168170804,-108.4502713,-1.567685808,0.186721176,-108.5115454,-1.991257076,0.173901873,-108.4237568,-2.401715272,0.162403157,-108.5914539,-2.82344301,0.174927576,-108.4646994,-3.227713405,0.166627022,-108.5445719,-3.647886658,0.14483056,-108.8007488,-4.063178768,0.160442764,-108.7481148,-4.469248285,0.146072807
-104.8634584,-0.118426753,-0.029556753,-108.4576086,-0.750204239,0.1596576,-108.608182,-1.180097806,0.171554168,-108.7166525,-1.594534282,0.190538894,-108.7771979,-2.018236702,0.177969032,-108.6882992,-2.428361289,0.166562624,-108.856973,-2.851322538,0.179170471,-108.7294196,-3.255376074,0.17106697,-108.8090241,-3.676047321,0.149136948,-109.067137,-4.093551392,0.164639807,-109.0144255,-4.499913517,0.150211785
-105.1130748,-0.130893996,-0.028027179,-108.7227276,-0.775773492,0.161880497,-108.8730295,-1.206172883,0.174916106,-108.9821693,-1.621824835,0.194352076,-109.0422855,-2.045659567,0.182005356,-108.9522864,-2.455449043,0.170700989,-109.1219161,-2.879631153,0.183386668,-108.9935658,-3.283464845,0.175483396,-109.0728967,-3.704624166,0.153422621,-109.3329326,-4.124328684,0.168808002,-109.2801429,-4.530973997,0.154325463
-105.3626644,-0.143985573,-0.026388143,-108.9870118,-0.801810263,0.164121123,-109.1373311,-1.232712169,0.178255306,-109.2474372,-1.649594555,0.19813002,-109.3068085,-2.073530061,0.186011028,-109.2154024,-2.48297107,0.174837561,-109.3862883,-2.908374712,0.18757564,-109.2571402,-3.311983098,0.179874662,-109.3361911,-3.733623367,0.157687719,-109.5981396,-4.155514792,0.17294567,-109.5452709,-4.562433986,0.158411687
-105.6122324,-0.157701787,-0.024635711,-109.2510705,-0.828354161,0.166355607,-109.4010872,-1.259719674,0.181571892,-109.5121463,-1.677817009,0.201872394,-109.5707708,-2.101854219,0.18998786,-109.4782694,-2.510981301,0.178955709,-109.650096,-2.937559474,0.191736918,-109.5201461,-3.34093424,0.184238981,-109.5989138,-3.763052252,0.161933961,-109.862762,-4.187113946,0.177051952,-109.809813,-4.594297676,0.162468968
-105.8617846,-0.172043002,-0.022764756,-109.5146134,-0.855379117,0.168581256,-109.6643016,-1.287200489,0.184866575,-109.7763024,-1.706498215,0.205580348,-109.8341795,-2.130638369,0.193937783,-109.7405888,-2.539447337,0.183048308,-109.9133437,-2.967191183,0.195869855,-109.7825884,-3.370321911,0.188574583,-109.8610721,-3.792917576,0.166162779,-110.1268017,-4.219130519,0.181126431,-110.073771,-4.626569024,0.166496019
-106.1113214,-0.187009331,-0.020773079,-109.7776472,-0.882890438,0.170797977,-109.9269814,-1.315160074,0.18814012,-110.0399119,-1.735643825,0.209255195,-110.097041,-2.159887842,0.19786113,-110.0023647,-2.568373923,0.187114946,-110.1760332,-2.997273575,0.199972171,-110.0444702,-3.400150206,0.192879979,-110.1226709,-3.823223455,0.170372473,-110.3902615,-4.25156914,0.18516861,-110.3371481,-4.659252091,0.170491562
-106.3608372,-0.202600524,-0.018662285,-110.0401753,-0.910892961,0.173005575,-110.1891324,-1.343603576,0.191392652,-110.3029785,-1.765257622,0.212896474,-110.3593613,-2.189606096,0.20175555,-110.2635986,-2.597765499,0.191155231,-110.4377882,-3.027768193,0.204043972,-110.3057964,-3.430424352,0.197154266,-110.383713,-3.85397241,0.174559112,-110.6528096,-4.284405337,0.189190647,-110.5999491,-4.692351122,0.174454447
-106.6103246,-0.218816174,-0.016435621,-110.302198,-0.93939029,0.175203077,-110.4507606,-1.372535754,0.194623288,-110.5655046,-1.795341946,0.216501999,-110.6211448,-2.219795643,0.205617546,-110.524294,-2.627626656,0.195168616,-110.6993542,-3.058782621,0.208102225,-110.566574,-3.461149988,0.201396841,-110.6442012,-3.885166796,0.178718485,-110.91511,-4.317725244,0.193191289,-110.8621775,-4.725870293,0.178383329
-106.8597789,-0.235656009,-0.014094683,-110.5637153,-0.968384807,0.177388753,-110.7114774,-1.401917264,0.19783142,-110.8274932,-1.825899137,0.220069485,-110.8823931,-2.25045872,0.209443784,-110.7844569,-2.657962273,0.199154723,-110.9603684,-3.090255186,0.212123336,-110.8268075,-3.492332417,0.205607088,-110.9041367,-3.916809575,0.182847421,-111.1768436,-4.351476812,0.197152833,-111.1238379,-4.759814008,0.182276707
-107.1091997,-0.253120039,-0.011638174,-110.8247301,-0.997878966,0.179561592,-110.9720614,-1.431863056,0.201039887,-111.088945,-1.85693191,0.223597492,-111.1431043,-2.281598271,0.213232463,-111.0440923,-2.688777142,0.203113052,-111.2208314,-3.122190538,0.2161082,-111.0864975,-3.523976329,0.209784048,-111.1631655,-3.948869752,0.186953389,-111.4380133,-4.385661376,0.201071346,-111.3845977,-4.794161354,0.186152096
-107.3585894,-0.271208522,-0.009062524,-111.0852447,-1.027875407,0.181721502,-111.2321306,-1.462309747,0.204222887,-111.3498591,-1.888444217,0.227086196,-111.4032795,-2.313218966,0.216983919,-111.3032057,-2.720076264,0.207042891,-111.4807467,-3.154594175,0.220057927,-111.3456462,-3.556086404,0.213926772,-111.421994,-3.981444794,0.191042552,-111.698619,-4.420280374,0.204943722,-111.6451228,-4.828989071,0.189994085
-107.607949,-0.289921722,-0.006363948,-111.3452598,-1.058377468,0.183869273,-111.4916866,-1.493261274,0.207379869,-111.6102382,-1.920441216,0.230536781,-111.6629246,-2.345326401,0.220699858,-111.5618037,-2.751864777,0.210943555,-111.7401206,-3.187471902,0.223973528,-111.6042584,-3.588667659,0.218035065,-111.6802862,-4.014485245,0.195102104,-111.958658,-4.455337385,0.208769476,-111.9050894,-4.864253262,0.193795608
-107.8572766,-0.309259676,-0.003540482,-111.6047788,-1.089389688,0.186006087,-111.7507346,-1.524722021,0.210511257,-111.8700888,-1.952928517,0.233950967,-111.9220453,-2.377926052,0.224382306,-111.8198897,-2.784147402,0.214814334,-111.9989591,-3.220829046,0.227855243,-111.8623387,-3.621724975,0.222109289,-111.938044,-4.047995975,0.199131672,-112.2181329,-4.490838571,0.212550427,-112.1644985,-4.899957383,0.19755499
-108.1065673,-0.329222189,-0.00059254,-111.8638082,-1.120917077,0.188133048,-112.0092792,-1.556696384,0.213618177,-112.1294171,-1.985911303,0.237330007,-112.1806441,-2.4110225,0.228032115,-112.0774632,-2.816928223,0.218654286,-112.2572683,-3.254670273,0.23170216,-112.1198888,-3.655262772,0.226149588,-112.1952692,-4.081981141,0.203129637,-112.4770504,-4.526790697,0.216289016,-112.4233537,-4.936105185,0.201271293
-108.355816,-0.349808938,0.002477924,-112.1223527,-1.152964513,0.190251169,-112.2673225,-1.589189046,0.216701706,-112.3882299,-2.019394211,0.24067396,-112.4382404,-2.444559215,0.231651071,-112.3345255,-2.850211323,0.222462562,-112.5150547,-3.289000163,0.235513172,-112.3769115,-3.689285534,0.230155704,-112.4519661,-4.116445149,0.207094663,-112.7354177,-4.563199767,0.219986861,-112.6816581,-4.972700351,0.204944144
-108.6050198,-0.371019678,0.005668661,-112.3804135,-1.185536911,0.192361106,-112.5248764,-1.622206559,0.219762592,-112.6465334,-2.053381634,0.243982259,-112.6957892,-2.478679774,0.235254938,-112.5910813,-2.88400119,0.22623918,-112.7723215,-3.323822916,0.239287308,-112.6334121,-3.723798018,0.234127451,-112.7081381,-4.151392341,0.211026119,-112.9932384,-4.600069408,0.223642988,-112.9394132,-5.00974629,0.208573129
-108.8541784,-0.392854393,0.008978038,-112.6380035,-1.218640933,0.194463262,-112.7819627,-1.65575691,0.222801615,-112.9043304,-2.087877495,0.247254101,-112.9528256,-2.513309064,0.238824235,-112.8471351,-2.91830226,0.229984858,-113.0290676,-3.359142495,0.243023969,-112.8893947,-3.758804797,0.238064525,-112.9637861,-4.186827059,0.214923975,-113.2505145,-4.637402104,0.227254807,-113.1966214,-5.047246558,0.212157549
-109.103293,-0.415313202,0.012405002,-112.8951488,-1.252285021,0.196558818,-113.0385987,-1.689847617,0.225819096,-113.1616199,-2.122885524,0.250488719,-113.2093509,-2.548450859,0.242358619,-113.1026894,-2.953118698,0.233699906,-113.2852941,-3.39496352,0.246723265,-113.1448652,-3.794310542,0.241966379,-113.2189135,-4.222754198,0.218788545,-113.507249,-4.675200543,0.230819942,-113.4532873,-5.085205019,0.215696783
-109.3523642,-0.438396236,0.015948156,-113.1518703,-1.286477136,0.19864897,-113.2947911,-1.724484795,0.228813387,-113.4184083,-2.158410805,0.253685936,-113.4653734,-2.584109924,0.245857807,-113.3577549,-2.988455802,0.237383867,-113.5410061,-3.43129119,0.250386297,-113.3998305,-3.830320088,0.245832594,-113.4735262,-4.259179045,0.222620468,-113.7634426,-4.713468291,0.234337632,-113.7094134,-5.123625829,0.219190554
-109.6013907,-0.462103526,0.019604963,-113.4081756,-1.321223521,0.200732766,-113.5505573,-1.759676071,0.231781109,-113.6747119,-2.194459842,0.256846863,-113.7209097,-2.620292223,0.249322262,-113.6123513,-3.024320189,0.241036342,-113.7962087,-3.468130511,0.254014664,-113.6537507,-3.866769971,0.249672916,-113.7276287,-4.296106571,0.226420357,-114.0190994,-4.752210955,0.237809165,-113.9650051,-5.162514229,0.22263914
-109.8503697,-0.48643496,0.023371507,-113.6640817,-1.356531731,0.202807007,-113.8059313,-1.795431499,0.234720319,-113.9299688,-2.230962325,0.259978786,-113.975972,-2.657003659,0.252752723,-113.8664938,-3.060718156,0.244656685,-114.0509053,-3.505485675,0.257608835,-113.9076955,-3.903811827,0.25348182,-113.9812224,-4.333541015,0.230187992,-114.274227,-4.791435127,0.241236844,-114.2200693,-5.201875958,0.226043124
-110.0992978,-0.511390339,0.027242897,-113.9196217,-1.392411674,0.204869648,-114.06094,-1.831760449,0.237630844,-114.1853227,-2.268091311,0.263088149,-114.2305651,-2.694250447,0.256149295,-114.1201875,-3.09765536,0.248243075,-114.3051087,-3.54336183,0.261167974,-114.1611524,-3.941373609,0.257254339,-114.2343136,-4.371487193,0.233922549,-114.5288309,-4.831146779,0.244622648,-114.4746104,-5.241716298,0.229403046
-110.348172,-0.536969429,0.031213914,-114.1748236,-1.428873016,0.20691984,-114.3155925,-1.868669878,0.240511615,-114.440227,-2.305760465,0.266159247,-114.4847063,-2.732041146,0.259510673,-114.3734494,-3.135139643,0.251792557,-114.558842,-3.581765762,0.264691134,-114.4141513,-3.979465655,0.260991921,-114.486915,-4.409950941,0.237623702,-114.782914,-4.871349578,0.247966028,-114.7286289,-5.282039732,0.232719002
-110.5969907,-0.563172027,0.035279533,-114.4297218,-1.465926885,0.208956587,-114.569904,-1.906167741,0.243359552,-114.6947066,-2.343977213,0.269189562,-114.7384289,-2.770386782,0.26283613,-114.6263132,-3.173181501,0.255303526,-114.8121227,-3.620704167,0.268177536,-114.6667184,-4.018097807,0.264695753,-114.7390391,-4.448938076,0.24129076,-115.0364771,-4.91204534,0.251264461,-114.9821259,-5.322850748,0.235990926
-110.8457527,-0.589998012,0.039435079,-114.6838453,-1.503522053,0.210990914,-114.8239045,-1.944264356,0.246172658,-114.9487802,-2.382748369,0.272177488,-114.991764,-2.809297288,0.266124217,-114.8788058,-3.211790713,0.25877592,-115.0649563,-3.660183348,0.271625676,-114.9188644,-4.057276539,0.268363465,-114.9907082,-4.488456104,0.2449219,-115.2895223,-4.953235724,0.254515605,-115.2351063,-5.364154324,0.23921947
-111.0944576,-0.617447324,0.043676005,-114.938219,-1.541809889,0.213016154,-115.0776198,-1.982969392,0.248950081,-115.2024542,-2.422079589,0.275121363,-115.2447413,-2.84878073,0.269370425,-115.1309366,-3.250974522,0.262208564,-115.31736,-3.700212198,0.275032885,-115.1706012,-4.097007727,0.271989273,-115.2419542,-4.52851417,0.248515143,-115.5420501,-4.994923007,0.257718879,-115.487574,-5.405955361,0.242406059
-111.3431041,-0.645519957,0.047997636,-115.1923427,-1.580717274,0.215022904,-115.3310795,-2.022292835,0.251690376,-115.4557451,-2.461978587,0.278018767,-115.4973883,-2.888844547,0.272569314,-115.3827211,-3.290741303,0.265598144,-115.5693676,-3.740802444,0.278397907,-115.4219512,-4.137298964,0.275568366,-115.4927978,-4.569119961,0.25206793,-115.7940586,-5.037112278,0.260876966,-115.7395314,-5.448258469,0.245552013
-111.5916895,-0.674215818,0.052395061,-115.4462146,-1.620247701,0.21700572,-115.584315,-2.062245049,0.254392284,-115.7086852,-2.502455772,0.280868754,-115.7497153,-2.929493895,0.275715947,-115.6341904,-3.331102015,0.26894248,-115.8210098,-3.781964784,0.281719862,-115.6729314,-4.178157268,0.279098634,-115.7432417,-4.61027872,0.255576158,-116.0455641,-5.079813314,0.263993707,-115.9909888,-5.491069705,0.248657962
-111.8402093,-0.70353463,0.05686291,-115.699849,-1.660406963,0.218962759,-115.8373407,-2.10283385,0.257054324,-115.9612978,-2.543520912,0.283672549,-116.0017134,-2.970733016,0.27880691,-115.885371,-3.372066885,0.272240638,-116.0723188,-3.823709172,0.284995832,-115.9235477,-4.219588195,0.282579192,-115.993298,-4.651997696,0.259035062,-116.2965993,-5.123038991,0.267073383,-116.2419659,-5.534396757,0.251724664
-112.0886593,-0.73347609,0.061395549,-115.9532639,-1.701201363,0.220896501,-116.0901564,-2.14406232,0.259670941,-116.2135897,-2.585182875,0.286431593,-116.2533993,-3.0125732,0.28184205,-116.1362928,-3.413646347,0.275491006,-116.3233254,-3.866045185,0.288222113,-116.1738156,-4.261599142,0.2860088,-116.2429971,-4.694287493,0.262442683,-116.547194,-5.166800601,0.270117239,-116.4924801,-5.578247036,0.254751824
-112.3370373,-0.764039922,0.065987317,-116.2064735,-1.742634774,0.222807567,-116.342777,-2.185931964,0.262225002,-116.4655826,-2.62745391,0.289145595,-116.5048201,-3.055031863,0.284826225,-116.3869875,-3.455851246,0.278692249,-116.5740425,-3.90897957,0.291394817,-116.4237649,-4.304200082,0.28938723,-116.4923648,-4.737158449,0.265800541,-116.7973761,-5.211105996,0.273119825,-116.7425558,-5.622629292,0.257737193
-112.585343,-0.79522596,0.070632592,-116.4595078,-1.784710728,0.224681351,-116.5952416,-2.228447116,0.264696593,-116.7173203,-2.670350033,0.291815513,-116.7560189,-3.098125067,0.287766288,-116.6367534,-3.49857595,0.281851414,-116.8244636,-3.952516284,0.29450974,-116.6734172,-4.347399967,0.292715126,-116.7414099,-4.780619403,0.269110827,-117.0471656,-5.255960852,0.276073045,-116.9922238,-5.667553591,0.260677983
-112.8335782,-0.827034235,0.075326006,-116.7124199,-1.827436617,0.226498377,-116.8475895,-2.271612519,0.267077294,-116.9688474,-2.713884881,0.294440398,-117.0070208,-3.14186058,0.290660167,-116.8870133,-3.542058214,0.284955809,-117.0745938,-3.996661787,0.297563579,-116.9227777,-4.391205123,0.295991597,-116.9901556,-4.824683001,0.272373965,-117.2965679,-5.301368302,0.278969448,-117.2415022,-5.71302799,0.263571402
-113.081744,-0.859464777,0.080062261,-116.9652521,-1.870818642,0.228250088,-117.0998424,-2.315431048,0.269365444,-117.2202083,-2.758065602,0.297002572,-117.2578459,-3.186239464,0.29348553,-117.1370807,-3.586178393,0.287982459,-117.3244599,-4.041426614,0.30055734,-117.1718573,-4.435623084,0.299213781,-117.2386451,-4.869365925,0.275591011,-117.5455765,-5.347330217,0.281804132,-117.4903924,-5.759057347,0.266413716
-113.3298396,-0.892517584,0.084835942,-117.2180217,-1.914859595,0.229932466,-117.3520063,-2.35990397,0.271559857,-117.4714505,-2.802897569,0.299477642,-117.5085307,-3.231264837,0.296214905,-117.3870021,-3.630942421,0.290910681,-117.5740881,-4.086821144,0.303495741,-117.4206824,-4.480664,0.302380122,-117.4869125,-4.914681894,0.278762653,-117.7941999,-5.393852742,0.284575962,-117.7389046,-5.805647987,0.269200745
-113.5778629,-0.926192621,0.08964144,-117.4707261,-1.959559511,0.231542298,-117.604078,-2.405031278,0.273658372,-117.7226047,-2.848383642,0.301851965,-117.7591082,-3.276939967,0.29883531,-117.6368232,-3.676356691,0.293734917,-117.8234963,-4.132850394,0.306378373,-117.669283,-4.52633672,0.305488318,-117.7349753,-4.960635514,0.281881619,-118.0424698,-5.440946708,0.287287925,-117.9870668,-5.852809669,0.271931201
-113.8258105,-0.960489766,0.094472963,-117.7233507,-2.004916355,0.233077297,-117.8560486,-2.450811859,0.275658404,-117.9736778,-2.894523648,0.304118062,-118.0095958,-3.323267352,0.301343979,-117.8865701,-3.722425401,0.296455809,-118.0727083,-4.179516804,0.309189956,-117.917699,-4.572647561,0.308522452,-117.9828514,-5.007227344,0.284925189,-118.2904149,-5.488622719,0.289945002,-118.2349038,-5.900551897,0.274606996
-114.0736797,-0.995408883,0.099324671,-117.9758783,-2.050927471,0.234536733,-118.107908,-2.497244188,0.2775584,-118.2246636,-2.941316944,0.306272702,-118.2599995,-3.370248948,0.303742326,-118.1362476,-3.769150261,0.299073303,-118.3217606,-4.226824876,0.311908353,-118.1659836,-4.619604392,0.311462326,-118.2305811,-5.054461876,0.28786905,-118.5380451,-5.53688898,0.292549917,-118.4824238,-5.948882368,0.277230442
-114.3214683,-1.030949785,0.104190735,-118.2282961,-2.097590717,0.235921072,-118.3596497,-2.544327057,0.279358881,-118.4755518,-2.98876256,0.308316173,-118.5103135,-3.417884842,0.306032134,-118.3858426,-3.816529754,0.301584695,-118.5706836,-4.274778457,0.314520272,-118.4141754,-4.667212906,0.314298394,-118.4782024,-5.102344269,0.290704368,-118.7853771,-5.585756076,0.295101365,-118.7296432,-5.997811325,0.279801719
-114.5691752,-1.067112233,0.10906537,-118.4805975,-2.144904936,0.237231567,-118.6112713,-2.592060014,0.281062814,-118.7263309,-3.036859286,0.310250969,-118.7605248,-3.46617343,0.30821385,-118.6353347,-3.864560701,0.303986338,-118.819491,-4.323379705,0.317020453,-118.6622869,-4.715474854,0.317025186,-118.7257362,-5.1508785,0.293430797,-119.0324423,-5.635237916,0.297597762,-118.9765923,-6.047352188,0.282321093
-114.8167998,-1.103896034,0.113942958,-118.7327814,-2.192869926,0.238470325,-118.8627736,-2.640443192,0.28267476,-118.9769923,-3.08560594,0.312079656,-119.0106184,-3.515112126,0.310286057,-118.8847058,-3.913239874,0.306275506,-119.0681869,-4.372629909,0.319407242,-118.9103131,-4.764389803,0.319638535,-118.9731879,-5.20006655,0.296049211,-119.2792645,-5.68534662,0.30003955,-119.2232938,-6.097516215,0.284789354
-115.0643412,-1.141300994,0.11881791,-118.9848491,-2.241486012,0.239640358,-119.1134534,-2.689346186,0.284206242,-119.2275295,-3.135001195,0.313803501,-119.2605823,-3.56469838,0.312246962,-119.133946,-3.962565181,0.308451868,-119.316772,-4.422529801,0.321681055,-119.1582401,-4.813955753,0.322136196,-119.2205482,-5.249907618,0.29855924,-119.5257419,-5.73606354,0.302422724,-119.4697575,-6.148307088,0.287202779
-115.3117982,-1.179326926,0.123684633,-119.2368027,-2.290753617,0.240745581,-119.3647127,-2.739042889,0.285663633,-119.4779384,-3.185043998,0.315423048,-119.5104108,-3.614930749,0.314096518,-119.3830544,-4.012536255,0.310518159,-119.5652428,-4.473079259,0.323842985,-119.4060531,-4.864170321,0.324518522,-119.4678,-5.300399003,0.300959183,-119.7714676,-5.787300846,0.304731003,-119.7159762,-6.199722359,0.289554926
-115.5591693,-1.217973705,0.12853754,-119.4886428,-2.340672968,0.241790447,-119.6158509,-2.789389569,0.287041712,-119.7282171,-3.235733775,0.316939371,-119.760104,-3.665809081,0.315837488,-119.6320353,-4.063153821,0.312479235,-119.8135929,-4.524277216,0.325893765,-119.6537406,-4.91503153,0.326787622,-119.7149267,-5.351537462,0.303246804,-120.0176795,-5.83931253,0.306943783,-119.961938,-6.251758192,0.291840098
-115.8064534,-1.257241257,0.133371161,-119.7403685,-2.39124399,0.242779629,-119.8668644,-2.84038554,0.288343848,-119.9783658,-3.28707049,0.318355163,-120.0096657,-3.717334139,0.317475156,-119.8808934,-4.114418884,0.314340622,-120.060991,-4.575955115,0.327838898,-119.9012923,-4.966537222,0.328946167,-119.9619168,-5.403320594,0.305421001,-120.2637522,-5.891966142,0.309049585,-120.2076351,-6.304411564,0.294055407
-116.0536492,-1.297129507,0.138180204,-119.9919777,-2.442466342,0.243717737,-120.1177496,-2.892030171,0.28957403,-120.2283858,-3.339054558,0.319674889,-120.2590989,-3.7695067,0.319015796,-120.1296305,-4.166332048,0.316107312,-120.3090729,-4.628451671,0.329678905,-120.1486966,-5.018684889,0.330996464,-120.2087672,-5.455747577,0.307483128,-120.5097028,-5.94526515,0.311046199,-120.4530692,-6.357681726,0.296200091
-116.3007551,-1.337638341,0.142959578,-120.2434673,-2.494339556,0.244609174,-120.3685033,-2.944322879,0.290737289,-120.4782785,-3.391686433,0.320903975,-120.5084028,-3.822326788,0.320465006,-120.378245,-4.218893169,0.317783224,-120.5570178,-4.681593275,0.331412283,-120.3959448,-5.071472532,0.332940709,-120.4554805,-5.508818873,0.309437063,-120.7555372,-5.999211528,0.312933134,-120.6982746,-6.41157526,0.298264975
-116.5477685,-1.378767479,0.147704409,-120.494834,-2.54686315,0.245458317,-120.6191218,-2.99726302,0.291839526,-120.7280436,-3.444966254,0.322047772,-120.7575735,-3.875793688,0.321827032,-120.6267327,-4.27210157,0.319371758,-120.8048254,-4.7353798,0.333043299,-120.6430342,-5.124899311,0.334781722,-120.7020614,-5.562535468,0.311288195,-121.0012549,-6.053805902,0.314710465,-120.9433159,-6.466105864,0.30023821
-116.7946858,-1.420516434,0.152409852,-120.7460752,-2.600036726,0.246269722,-120.8696025,-3.050850065,0.292887089,-120.977679,-3.498893651,0.323110889,-121.0066063,-3.929906398,0.323105171,-120.8750894,-4.325956351,0.320876567,-121.0524968,-4.78981144,0.33457726,-120.8899704,-5.178966277,0.336523377,-120.9485132,-5.616898098,0.313042054,-121.2468508,-6.109047759,0.316378453,-121.188246,-6.521285332,0.302117369
-117.0415032,-1.462884714,0.15707114,-120.997189,-2.653860006,0.247048352,-121.1199437,-3.105083612,0.293886373,-121.2271811,-3.553467805,0.32409723,-121.2554984,-3.98466417,0.32430295,-121.1233119,-4.380456766,0.322302217,-121.3000327,-4.844888368,0.336019771,-121.1367662,-5.233676129,0.338171217,-121.1948358,-5.671906787,0.314703295,-121.492317,-6.16493541,0.317937408,-121.4330871,-6.577118915,0.303900292
-117.2882184,-1.505871936,0.161683681,-121.2481743,-2.708332773,0.247799647,-121.3701452,-3.159963526,0.294843661,-121.476546,-3.608687798,0.325010794,-121.5042486,-4.040066659,0.32542518,-121.3713984,-4.435602406,0.323654458,-121.5474325,-4.900610439,0.337376027,-121.3834331,-5.289031405,0.339731609,-121.4410258,-5.727560853,0.316275608,-121.7376466,-6.22146713,0.319388383,-121.6778337,-6.633605764,0.3055816
-117.5348307,-1.549477897,0.1662431,-121.49903,-2.763454832,0.248529484,-121.620208,-3.215489975,0.295765364,-121.7257707,-3.664552907,0.325856524,-121.7528571,-4.096113824,0.326478108,-121.6193485,-4.491393114,0.324939875,-121.794694,-4.956977188,0.338650769,-121.6299759,-5.345033256,0.341210301,-121.6870787,-5.783859308,0.317762419,-121.9828353,-6.278641841,0.320733847,-121.9224658,-6.690741542,0.307155762
-117.7813402,-1.5937026,0.170745405,-121.7497554,-2.819225987,0.249243986,-121.870133,-3.271663099,0.296658102,-121.9748538,-3.721062759,0.326640637,-122.0013248,-4.152805816,0.327469066,-121.8671618,-4.54782881,0.326165444,-122.0418147,-5.013988002,0.33984863,-121.8763923,-5.40168131,0.342612059,-121.9329908,-5.840801321,0.319167709,-122.2278818,-6.336459175,0.321977806,-122.1669614,-6.748521372,0.308620957
-118.0277472,-1.638546063,0.175186907,-122.0003492,-2.875646001,0.249949265,-122.1199198,-3.328482829,0.297528671,-122.2237948,-3.778217278,0.327370508,-122.249652,-4.210142782,0.328405877,-122.1148373,-4.604909326,0.32733818,-122.2887918,-5.07164227,0.340974705,-122.1226763,-5.458974242,0.343941087,-122.1787601,-5.898386417,0.320496673,-122.4727856,-6.394919283,0.323125495,-122.4113022,-6.806941198,0.309980104
-118.274051,-1.684008215,0.179564115,-122.2508101,-2.932714631,0.250651245,-122.3695674,-3.385948957,0.298383931,-122.472594,-3.83601649,0.328054161,-122.4978385,-4.268124642,0.329296275,-122.3623735,-4.662634343,0.328465013,-122.5356231,-5.129939549,0.342034882,-122.3688208,-5.516910559,0.345201932,-122.424385,-5.956614389,0.321755937,-122.7175451,-6.454022142,0.324182363,-122.655475,-6.865997997,0.311238843
-118.5202504,-1.730088954,0.183873678,-122.501137,-2.990431662,0.251355619,-122.6190747,-3.444061242,0.299230719,-122.7212508,-3.894460351,0.328699705,-122.7458822,-4.326751057,0.330147719,-122.6097678,-4.721003355,0.32955303,-122.7823068,-5.188879612,0.343035977,-122.6148207,-5.575489247,0.346400226,-122.6698601,-6.015484179,0.322953232,-122.9621582,-6.513767518,0.325153616,-122.8994736,-6.925690329,0.312403572
-118.7663439,-1.776788154,0.188112458,-122.7513285,-3.048796869,0.252067861,-122.8684401,-3.502819413,0.300075732,-122.9697634,-3.953548593,0.329315116,-122.9937795,-4.386021404,0.330967492,-122.8570133,-4.780014978,0.330609755,-123.0288407,-5.248462206,0.343985312,-122.8606727,-5.634709777,0.347542849,-122.9151741,-6.074993288,0.324096185,-123.2066222,-6.574154972,0.326044024,-123.143298,-6.986018143,0.313479885
-119.0123299,-1.824105658,0.192277571,-123.0013831,-3.107810035,0.252793306,-123.117661,-3.562223069,0.300925431,-123.2181249,-4.013279847,0.329908231,-123.2415259,-4.445934849,0.331762712,-123.1040989,-4.839666688,0.331642513,-123.2752231,-5.308687103,0.344890351,-123.1063744,-5.694571812,0.348637435,-123.160316,-6.13513913,0.325192052,-123.4509352,-6.635183909,0.326858064,-123.3869554,-7.046982889,0.314472284
-119.2582067,-1.872041232,0.196366368,-123.2512986,-3.167470926,0.253537189,-123.3667338,-3.622271592,0.301785724,-123.4663235,-4.073651415,0.330486215,-123.4891177,-4.506490719,0.332540529,-123.3510145,-4.89995619,0.332658395,-123.5214525,-5.36955406,0.345758356,-123.3519247,-5.755075192,0.349691779,-123.4052804,-6.195920203,0.326247671,-123.6950962,-6.696854012,0.327600676,-123.6304571,-7.108587258,0.315385606
-119.5039724,-1.920594552,0.200376454,-123.5010724,-3.227779227,0.254304418,-123.615655,-3.682964395,0.302661921,-123.7143484,-4.134660775,0.331055748,-123.7357288,-4.567491415,0.333314567,-123.5977561,-4.960882455,0.333664171,-123.7675279,-5.431062743,0.346596231,-123.5973235,-5.816219913,0.350713368,-123.6500715,-6.257337278,0.32726956,-123.939105,-6.759165109,0.32827752,-123.8738128,-7.170833585,0.316225545
-119.749625,-1.96976525,0.204305688,-123.7507022,-3.288734658,0.255099486,-123.8644227,-3.744301115,0.303558777,-123.9621956,-4.196306669,0.331623179,-123.9830043,-4.62934093,0.334091218,-123.8443289,-5.022446508,0.334666004,-124.013449,-5.493212943,0.347410777,-123.8425718,-5.878006095,0.35170938,-123.8947022,-6.319393343,0.328265159,-124.182961,-6.822117044,0.328894867,-124.1170262,-7.233722909,0.316998297
-119.9951626,-2.019552983,0.208152208,-123.9995589,-3.350196042,0.255939895,-124.1130366,-3.806281612,0.304480532,-124.2098704,-4.258590154,0.332194507,-124.2301252,-4.691832703,0.334871203,-124.090745,-5.084651215,0.335670341,-124.2592153,-5.556004469,0.348208747,-124.08767,-5.940433783,0.352686673,-124.1391845,-6.382091351,0.329242727,-124.4266638,-6.885709664,0.329459434,-124.3600967,-7.297255075,0.317710107
-120.2405832,-2.069957466,0.211914488,-124.2488905,-3.412459991,0.256819328,-124.3614974,-3.868905987,0.305431112,-124.4573858,-4.32151432,0.332776229,-124.4770925,-4.754966875,0.335660688,-124.3370149,-5.147499196,0.336683733,-124.5048261,-5.619437063,0.348996813,-124.3326174,-6.003502781,0.353651758,-124.3835238,-6.445432733,0.330210195,-124.6702125,-6.949942786,0.329978205,-124.6030205,-7.361429199,0.318367054
-120.4858845,-2.120978311,0.215591347,-124.498075,-3.475370433,0.257736584,-124.6098057,-3.932174338,0.306414082,-124.7047535,-4.385082008,0.333375023,-124.7239056,-4.818743292,0.33646508,-124.5831429,-5.210991524,0.337711899,-124.7502804,-5.68351044,0.349781462,-124.5774127,-6.067212769,0.35461082,-124.6277192,-6.509417305,0.331174457,-124.9136059,-7.014816097,0.330458285,-124.8457928,-7.426244132,0.318974945
-120.7310629,-2.172614918,0.219181716,-124.7471117,-3.538927193,0.258693993,-124.8579614,-3.99608655,0.307432445,-124.9511596,-4.449083668,0.333998375,-124.9705633,-4.883161588,0.337289017,-124.8291273,-5.275127844,0.338759355,-124.9955772,-5.748224307,0.350568878,-124.822055,-6.131563444,0.355569789,-124.8717658,-6.574043897,0.332141411,-125.1568419,-7.080329306,0.330906958,-125.0884088,-7.491698905,0.319539555
-120.976115,-2.224866702,0.222684659,-124.9959996,-3.603130017,0.259693407,-125.1059634,-4.060642348,0.30848852,-125.198235,-4.513951433,0.334660955,-125.217064,-4.948221347,0.338136563,-125.0749636,-5.339907077,0.339829734,-125.240715,-5.813578338,0.351364851,-125.0665428,-6.196554519,0.356534308,-125.115658,-6.639311099,0.333116375,-125.3999177,-7.146482006,0.331331646,-125.330864,-7.557792673,0.320066772
-121.2210389,-2.277733231,0.226099425,-125.2447377,-3.667978635,0.260736196,-125.3538105,-4.125841413,0.309584003,-125.4451602,-4.5794623,0.335353961,-125.463406,-5.013922144,0.339011412,-125.3206473,-5.405328065,0.340926219,-125.4856922,-5.879572285,0.352174793,-125.3108745,-6.262185739,0.35750976,-125.3593896,-6.705217606,0.334104515,-125.6428294,-7.213273527,0.331739644,-125.5731539,-7.624524589,0.320562667
-121.465834,-2.33121436,0.229425458,-125.4933248,-3.733472808,0.261823293,-125.6015013,-4.191683393,0.310720058,-125.691929,-4.645614778,0.336080149,-125.7095876,-5.080263755,0.339917113,-125.5661744,-5.47139003,0.342051925,-125.7305066,-5.946205902,0.353003697,-125.5550477,-6.328456768,0.358501161,-125.6029552,-6.771762299,0.335110648,-125.8855741,-7.280703322,0.332138071,-125.8152756,-7.691894107,0.321033597
-121.7105014,-2.385310255,0.232662573,-125.7417597,-3.799612282,0.262955229,-125.8490338,-4.258167967,0.311897536,-125.938536,-4.712407698,0.336842347,-125.9556065,-5.147245917,0.340856986,-125.8115418,-5.538092486,0.343209912,-125.9751554,-6.01347876,0.353855952,-125.7990587,-6.39536702,0.359512869,-125.8463513,-6.838944571,0.336139249,-126.1281499,-7.348770929,0.332533677,-126.057229,-7.759901157,0.321486034
-121.9550417,-2.440021086,0.235810846,-125.9900408,-3.866396871,0.264132238,-126.0964055,-4.325294756,0.313117037,-126.1849761,-4.779840078,0.337643168,-126.2014596,-5.214868103,0.341833755,-126.0567463,-5.605434881,0.344402748,-126.2196363,-6.081390478,0.354735321,-126.0429042,-6.462915928,0.360548575,-126.0895771,-6.906764353,0.337194335,-126.3705567,-7.417476168,0.332932871,-126.2990157,-7.828546101,0.321926691
-122.1994549,-2.49534682,0.238870439,-126.2381661,-3.933826407,0.265354263,-126.343613,-4.393063183,0.314378662,-126.4312467,-4.847911464,0.338484879,-126.4471441,-5.28312984,0.34284943,-126.301785,-5.673416779,0.345632318,-126.4639477,-6.14994068,0.355644906,-126.2865826,-6.5311031,0.361611268,-126.3326342,-6.975222011,0.338279266,-126.6127953,-7.486819202,0.333341795,-126.5406374,-7.897829319,0.322362185
-122.4437399,-2.551287261,0.241841536,-126.4861328,-4.00190056,0.266620739,-126.5906531,-4.461472732,0.315681982,-126.6773472,-4.916621868,0.339369147,-126.6926584,-5.352030655,0.343905195,-126.5466568,-5.742037906,0.346899701,-126.7080891,-6.219129073,0.356587256,-126.5300935,-6.59992836,0.362703398,-126.5755253,-7.044318199,0.339397005,-126.8548663,-7.556800145,0.333766174,-126.7820941,-7.967750863,0.32279865
-122.6878952,-2.607842146,0.244724455,-126.7339387,-4.070619019,0.267930593,-126.8375243,-4.530523058,0.317025929,-126.923279,-4.985971553,0.340296822,-126.938002,-5.421570298,0.34500159,-126.7913618,-5.811298195,0.34820531,-126.9520605,-6.288955573,0.357564518,-126.7734376,-6.669391833,0.363827117,-126.8182521,-7.11405335,0.340549985,-127.0967691,-7.627418987,0.334211224,-127.0233847,-8.038310508,0.323241594
-122.9319194,-2.665011183,0.247519718,-126.981582,-4.13998147,0.269282186,-127.0842265,-4.600214017,0.318408877,-127.1690444,-5.055961099,0.341268259,-127.1831754,-5.491748839,0.346138789,-127.035901,-5.881197884,0.349549179,-127.1958617,-6.359420085,0.358578398,-127.0166155,-6.739493646,0.364984225,-127.0608143,-7.184427425,0.341739955,-127.3385027,-7.698675534,0.334681562,-127.2645072,-8.109507902,0.323695921
-123.1758104,-2.722794105,0.250228163,-127.2290619,-4.209987604,0.270673407,-127.3307601,-4.670545707,0.31982887,-127.4146448,-5.126590859,0.342283283,-127.428179,-5.562566339,0.347316606,-127.2802751,-5.951737164,0.350930957,-127.4394918,-6.430522434,0.359630088,-127.2596267,-6.810233745,0.366176062,-127.3032103,-7.255440091,0.342967957,-127.5800653,-7.770569425,0.335181218,-127.5046491,-8.181102453,0.32416755
-123.4195659,-2.781190547,0.252850937,-127.4763779,-4.280637263,0.272101875,-127.5771258,-4.741518191,0.321283597,-127.6600796,-5.197860754,0.343341122,-127.6730125,-5.634022781,0.348534438,-127.5244836,-6.022916005,0.352349817,-127.6829494,-6.502262341,0.360720196,-127.5024701,-6.881611976,0.367403362,-127.5448238,-7.32690963,0.344234741,-127.8214547,-7.843100243,0.335713737,-127.7454278,-8.253575234,0.324661676
-123.6631824,-2.840199942,0.255389256,-127.7235294,-4.351930286,0.273564939,-127.8233227,-4.813131341,0.322770374,-127.9053475,-5.269770504,0.344440432,-127.9176749,-5.706118021,0.349791187,-127.7685257,-6.094734284,0.353804341,-127.9262329,-6.57463943,0.361848741,-127.7451446,-6.953628147,0.368666283,-127.7866375,-7.399130133,0.345545769,-128.0626686,-7.916267522,0.336282263,-127.986032,-8.326684503,0.325180142
-123.9066567,-2.899821753,0.257844401,-127.9705154,-4.423866463,0.275059672,-128.0693498,-4.885384947,0.324286092,-128.1504466,-5.342319776,0.345579391,-128.1621646,-5.778851765,0.351085226,-128.0124001,-6.167191886,0.355292621,-128.1693403,-6.64765333,0.363015279,-127.9876487,-7.026282026,0.369964497,-128.0285183,-7.472059611,0.346895553,-128.3037043,-7.990070695,0.336889406,-128.2264583,-8.400429565,0.32572668
-124.149987,-2.960055591,0.260217673,-128.2173344,-4.496445526,0.276582846,-128.3152057,-4.958278794,0.325827321,-128.3953752,-5.415508255,0.346755816,-128.4064798,-5.852223634,0.352414484,-128.2561058,-6.240288653,0.356812353,-128.4122701,-6.721303783,0.364218987,-128.2299807,-7.099573357,0.371297301,-128.2702258,-7.545626466,0.348282753,-128.5445595,-8.064509314,0.337537196,-128.4667043,-8.47480988,0.326304479
-124.3931729,-3.020901279,0.262510417,-128.4639846,-4.569667133,0.278130933,-128.5608891,-5.031812646,0.327390398,-128.6401319,-5.489335689,0.347967223,-128.6506181,-5.926233148,0.353776532,-128.4996409,-6.314024346,0.35836092,-128.655021,-6.795590633,0.365458669,-128.4721381,-7.173501668,0.372663631,-128.5117586,-7.61983062,0.349706288,-128.7852331,-8.139583088,0.338226992,-128.7067684,-8.549824982,0.326915938
-124.6362151,-3.082358904,0.264724174,-128.7104641,-4.643530939,0.279700208,-128.8063983,-5.105986242,0.32897154,-128.8847149,-5.563801866,0.349210834,-128.8945767,-6.0008797,0.355168518,-128.7430036,-6.388398666,0.35993537,-128.8975917,-6.870513769,0.366732719,-128.7141175,-7.248066198,0.374061904,-128.7531158,-7.694672069,0.351164602,-129.0257245,-8.215291721,0.338959422,-128.9466504,-8.625474619,0.327562697
-124.8791139,-3.144428557,0.266860597,-128.9567711,-4.71803667,0.281286844,-129.0509319,-5.18056105,0.330572254,-129.1291224,-5.638906538,0.350483508,-129.1383532,-6.076162769,0.356587206,-128.9861917,-6.463411324,0.361532461,-129.1399817,-6.946073037,0.368038953,-128.955916,-7.323266241,0.375489949,-128.9942965,-7.77015049,0.352655432,-129.266034,-8.291635086,0.339734647,-129.1863512,-8.701758897,0.328245971
-125.1218692,-3.207110143,0.268921311,-129.2029041,-4.793184134,0.282886936,-129.296076,-5.256024751,0.332193937,-129.3733531,-5.714649471,0.351781715,-129.3819463,-6.152082021,0.358028959,-129.2292041,-6.539062042,0.363148587,-129.3821899,-7.022268039,0.369374569,-129.197533,-7.399101448,0.376944998,-129.235299,-7.846265246,0.354175943,-129.5061612,-8.36861299,0.340552426,-129.4258708,-8.77867779,0.328966597
-125.36448,-3.270403431,0.270907863,-129.4488616,-4.868973167,0.28449649,-129.541037,-5.332126192,0.333821114,-129.6174057,-5.791030311,0.353101471,-129.6253555,-6.228637173,0.359489731,-129.4720394,-6.615350386,0.364779704,-129.6242153,-7.099098279,0.370736325,-129.438969,-7.47557185,0.37842406,-129.4761213,-7.923015542,0.355722852,-129.7461048,-8.446225206,0.341412249,-129.6652084,-8.85623134,0.32972527
-125.6069453,-3.334308153,0.272821803,-129.6946424,-4.945403562,0.286111306,-129.785813,-5.408864647,0.335448964,-129.8612788,-5.868048486,0.354438447,-129.8685808,-6.30582808,0.360965296,-129.7146962,-6.692275768,0.366421489,-129.8660567,-7.176563239,0.37212067,-129.6802249,-7.55267756,0.379923928,-129.7167607,-8.000400538,0.357292594,-129.9858629,-8.524471647,0.342313341,-129.904362,-8.934419386,0.33052235
-125.8492636,-3.398824019,0.274664763,-129.9402453,-5.022474931,0.287726903,-130.0304032,-5.486239738,0.33707261,-130.104971,-5.945703378,0.35578811,-130.1116222,-6.383654566,0.36245129,-129.957173,-6.769837598,0.368069397,-130.1077122,-7.254662476,0.373524024,-129.9213001,-7.630418517,0.381441243,-129.9572155,-8.078419977,0.358881698,-130.2254335,-8.603352109,0.343254424,-130.1433284,-9.013241445,0.331357608
-126.0914333,-3.463950768,0.276438594,-130.1856691,-5.100186754,0.28933868,-130.2748082,-5.56425143,0.338687319,-130.3484802,-6.023994395,0.357145879,-130.3544782,-6.462116348,0.363943339,-130.1994678,-6.848035369,0.369718976,-130.3491798,-7.333395811,0.374942799,-130.1621923,-7.70879444,0.382972557,-130.1974846,-8.15707406,0.360486615,-130.4648147,-8.682866412,0.344233679,-130.3821052,-9.092697104,0.33223023
-126.3334519,-3.529688062,0.278145354,-130.4309123,-5.178538487,0.290942031,-130.5190277,-5.642899665,0.340288536,-130.5918047,-6.102921241,0.358507297,-130.5971469,-6.541213238,0.365437068,-130.4415772,-6.926868397,0.371365995,-130.5904578,-7.412763111,0.376373233,-130.4028986,-7.787804838,0.384514053,-130.437568,-8.236363265,0.362103687,-130.7040053,-8.763014263,0.345248635,-130.6206904,-9.172785768,0.333138631
-126.575316,-3.596035321,0.279787042,-130.6759733,-5.257529648,0.292532557,-130.7630608,-5.72218451,0.341871962,-130.8349435,-6.182484063,0.359867959,-130.8396261,-6.620944974,0.366927966,-130.6834962,-7.0063356,0.373005961,-130.8315443,-7.492764244,0.377811318,-130.6434156,-7.867449187,0.386061654,-130.6774658,-8.316288031,0.363728989,-130.9430042,-8.843795216,0.346296284,-130.8590835,-9.253507099,0.33408076
-126.8170225,-3.662992,0.281365581,-130.9208498,-5.337159948,0.294106203,-131.0069055,-5.802105814,0.343433255,-131.0778959,-6.262683209,0.361223484,-131.0819137,-6.701311274,0.368411399,-130.9252204,-7.086435974,0.374634249,-131.0724385,-7.573399009,0.379252618,-130.8837417,-7.94772708,0.387610958,-130.9171767,-8.396847933,0.365358018,-131.1818105,-8.925208936,0.347373334,-131.0972845,-9.334861067,0.335054335
-127.0585697,-3.73055772,0.28288274,-131.1655398,-5.417429193,0.295659035,-131.2505595,-5.882663281,0.344968008,-131.3206618,-6.343518934,0.362569369,-131.3240082,-6.78231184,0.369882504,-131.165834,-7.166871364,0.376253513,-131.3131393,-7.654666992,0.380692393,-131.1238759,-8.028638212,0.389157311,-131.1566977,-8.47804196,0.366985854,-131.4204234,-9.00725508,0.348476293,-131.3352931,-9.41684762,0.33605689
-127.2999574,-3.798732317,0.284340184,-131.410041,-5.498337205,0.297187206,-131.4940209,-5.963856591,0.346471744,-131.5632398,-6.42499087,0.363900816,-131.5659086,-6.863946218,0.371336288,-131.4071585,-7.248244823,0.377855923,-131.5536458,-7.736567794,0.382125831,-131.3638182,-8.110182418,0.390696109,-131.3960259,-8.559868992,0.368607419,-131.6588414,-9.089933416,0.349601578,-131.5731081,-9.499466633,0.337085853
-127.5411861,-3.867515919,0.285739664,-131.6543521,-5.579883737,0.298686773,-131.7372883,-6.045685182,0.347939867,-131.8056271,-6.507098003,0.36521278,-131.8076141,-6.946214021,0.372767843,-131.6482895,-7.330251871,0.37943253,-131.793957,-7.819101023,0.383548143,-131.6035683,-8.192359552,0.392222757,-131.6351584,-8.642328159,0.370217771,-131.8970627,-9.173243745,0.350745444,-131.8107268,-9.582717605,0.338138246
-127.7822565,-3.936908651,0.287082955,-131.8984718,-5.662068363,0.300153655,-131.9803604,-6.128148563,0.349367969,-132.0478206,-6.589839252,0.366500212,-132.0491236,-7.029114881,0.37417239,-131.8892295,-7.412893235,0.380979084,-132.0340712,-7.902266323,0.384954726,-131.843125,-8.275169401,0.393732781,-131.8740939,-8.725419289,0.371812318,-132.1350856,-9.257185751,0.35190388,-132.0481466,-9.666599949,0.339210725
-128.0231681,-4.006910452,0.288371775,-132.1423988,-5.744890578,0.301583901,-132.2232361,-6.2112463,0.350751889,-132.2898179,-6.673213788,0.367758343,-132.2904356,-7.112648451,0.375545402,-132.1299786,-7.49616923,0.382491377,-132.2739867,-7.986063418,0.386341071,-132.0815239,-8.35828099,0.395226379,-132.1128319,-8.809142585,0.37338669,-132.3729082,-9.341759115,0.353072613,-132.2853653,-9.751113203,0.340299647
-128.2639197,-4.077521124,0.289607724,-132.3854106,-5.82810937,0.302979917,-132.4659141,-6.294977964,0.352087775,-132.5316172,-6.757221324,0.368982817,-132.5315484,-7.196814443,0.376882518,-132.3705355,-7.58007981,0.38396511,-132.5137015,-8.070491958,0.387702681,-132.320682,-8.44236002,0.396698909,-132.3513721,-8.893498317,0.374936593,-132.6105291,-9.426963458,0.354247106,-132.5223819,-9.836257088,0.341401104
-128.50451,-4.148740385,0.290792293,-132.628939,-5.912220451,0.304345158,-132.7083926,-6.379343255,0.353372118,-132.773218,-6.841862006,0.370169613,-132.7724598,-7.28161248,0.378179455,-132.6108982,-7.664624643,0.385395964,-132.7532136,-8.155551577,0.389035055,-132.5596406,-8.527070805,0.398141512,-132.5897139,-8.978486524,0.37645762,-132.847947,-9.512798425,0.355422719,-132.7591963,-9.922031664,0.342511171
-128.7449372,-4.220567924,0.291926927,-132.8722698,-5.9969679,0.305663566,-132.9506696,-6.464341806,0.354601584,-133.0146198,-6.927136017,0.371314902,-133.0131679,-7.367042155,0.379432018,-132.8510646,-7.749803335,0.386779751,-132.9925216,-8.241241881,0.390333651,-132.7983982,-8.61241291,0.399549679,-132.8278556,-9.064106732,0.377945194,-133.0851608,-9.599263699,0.356594784,-132.9958084,-10.00843701,0.343625861
-128.9851997,-4.29300345,0.293013098,-133.1154014,-6.082351456,0.306932293,-133.192743,-6.549973218,0.355773005,-133.2558218,-7.013043332,0.37241486,-133.2536711,-7.453103043,0.38063606,-133.0910324,-7.835615348,0.388112424,-133.2316242,-8.327562449,0.391594018,-133.0369534,-8.698385987,0.400918991,-133.0657947,-9.150358169,0.379394695,-133.3221692,-9.686358959,0.357758627,-133.2322173,-10.09547301,0.344741056
-129.2252955,-4.366046594,0.294052314,-133.3583319,-6.168370879,0.308148695,-133.4346112,-6.636237106,0.356883356,-133.4968224,-7.099583503,0.373465638,-133.4939679,-7.539794698,0.381787612,-133.3307996,-7.922060018,0.389390168,-133.4705201,-8.414512921,0.392811871,-133.2753055,-8.78498989,0.402245258,-133.3035288,-9.237240025,0.380801607,-133.558971,-9.77408396,0.358909582,-133.4684218,-10.18313942,0.345852503
-129.465222,-4.439696835,0.295045979,-133.6010599,-6.255025811,0.309310232,-133.6762728,-6.723133039,0.357929775,-133.7376191,-7.186755742,0.374463454,-133.7340572,-7.627116737,0.382882959,-133.5703638,-8.009136657,0.390609404,-133.709208,-8.50209295,0.393983112,-133.5134539,-8.872224465,0.403524473,-133.5410556,-9.324751662,0.382161673,-133.7955652,-9.862438528,0.360043041,-133.7044204,-10.2714359,0.346955871
-129.7049771,-4.513953682,0.295995353,-133.8435836,-6.342315751,0.310414502,-133.9177266,-6.810660669,0.358909699,-133.9782094,-7.274559231,0.375404738,-133.9739377,-7.715068806,0.383918637,-133.8097232,-8.096844635,0.391766797,-133.9476867,-8.590302196,0.395103842,-133.7513972,-8.960089483,0.404752789,-133.7783736,-9.412892718,0.38347094,-134.0319507,-9.951422453,0.361154448,-133.9402115,-10.36036209,0.348046813
-129.9445592,-4.588816735,0.296901447,-134.0859016,-6.430240207,0.311459357,-134.1589715,-6.898819665,0.359820858,-134.2185911,-7.362993308,0.37628626,-134.2136081,-7.803650609,0.384891445,-134.0488758,-8.185183487,0.392859303,-134.1859547,-8.679140329,0.396170359,-133.9891341,-9.048584584,0.405926489,-134.015482,-9.501663021,0.384725751,-134.2681261,-10.04103542,0.362239251,-134.1757935,-10.44991755,0.349120961
-130.183968,-4.664285695,0.297765085,-134.328012,-6.518798688,0.312442913,-134.4000062,-6.987609656,0.36066126,-134.4587626,-7.452057566,0.377105159,-134.4530674,-7.892861926,0.385798463,-134.2878202,-8.274152867,0.393884151,-134.4240105,-8.768606978,0.397179169,-134.2266627,-9.137709325,0.407042016,-134.2523797,-9.591062436,0.385922661,-134.5040899,-10.13127693,0.363292925,-134.4111649,-10.54010178,0.350173965
-130.4232036,-4.740360457,0.298587068,-134.5699133,-6.607990739,0.313363584,-134.6408292,-7.077030292,0.36142918,-134.6987229,-7.541751796,0.377858934,-134.6923144,-7.982702494,0.386637033,-134.526555,-8.363752476,0.394838828,-134.6618527,-8.858701727,0.398126952,-134.4639813,-9.22746325,0.408096005,-134.4890658,-9.68109068,0.387058345,-134.7398405,-10.22214646,0.364311051,-134.646324,-10.6309143,0.351201556
-130.6622657,-4.817040922,0.2993682,-134.8116039,-6.697815942,0.31422006,-134.8814392,-7.167081245,0.362123176,-134.938471,-7.632075816,0.37854537,-134.9313478,-8.07317194,0.387404712,-134.7650791,-8.453982021,0.395721038,-134.8994799,-8.949424133,0.399010563,-134.7010883,-9.317845883,0.409085286,-134.7255387,-9.771747286,0.388129612,-134.975376,-10.31364343,0.365289398,-134.8812691,-10.72235461,0.352199597
-130.9011533,-4.894326947,0.300109413,-135.0530821,-6.78827388,0.315011288,-135.1218348,-7.257762162,0.362742075,-135.1780059,-7.723029333,0.379162428,-135.1701659,-8.164269764,0.38809925,-135.0033911,-8.54484114,0.39652867,-135.1368908,-9.040773776,0.399827138,-134.9379825,-9.408856829,0.410006979,-134.9617967,-9.863031703,0.389133487,-135.2106944,-10.40576736,0.366224057,-135.1159985,-10.81442238,0.353164183
-131.1398646,-4.972218409,0.300811669,-135.2943465,-6.879364138,0.315736447,-135.3620147,-7.349072625,0.363284915,-135.4167632,-7.814396462,0.379708256,-135.407844,-8.255644152,0.388722132,-135.2414898,-8.636329466,0.397259872,-135.3740842,-9.132750238,0.400574103,-135.1746626,-9.500495703,0.410858507,-135.197838,-9.954943348,0.390067303,-135.4457933,-10.49851763,0.367111426,-135.3505109,-10.90711741,0.354091605
-131.3783976,-5.050715074,0.301475807,-135.5353953,-6.971086255,0.316394898,-135.6019775,-7.441012173,0.363750968,-135.6555273,-7.906490047,0.380195502,-135.646221,-8.348007517,0.389279142,-135.4793739,-8.728446592,0.397913083,-135.6102929,-9.225054248,0.40124954,-135.4111269,-9.59276209,0.411637614,-135.4336609,-10.0474819,0.390928803,-135.6806697,-10.59189339,0.36794803,-135.5848048,-11.00043959,0.354978339
-131.6167502,-5.129816676,0.302102516,-135.7762275,-7.063439799,0.316986209,-135.841722,-7.533580389,0.364139801,-135.894407,-7.999341167,0.380610356,-135.8843775,-8.440997582,0.389758143,-135.7170417,-8.821192058,0.398487084,-135.846848,-9.318214583,0.401862035,-135.647374,-9.685655757,0.412342425,-135.6692645,-10.1406473,0.391716147,-135.9153205,-10.68589379,0.368730577,-135.8188787,-11.09438869,0.355821072
-131.8549211,-5.209522916,0.302692186,-136.0168419,-7.156424439,0.317510233,-136.0812467,-7.626776871,0.364451299,-136.1330669,-8.092819786,0.380950288,-136.1223112,-8.534613747,0.390158324,-135.9544916,-8.914565576,0.398981051,-136.0833712,-9.412075804,0.402399949,-135.8834026,-9.779176536,0.412971376,-135.9046475,-10.23443952,0.392427811,-136.1497436,-10.78051826,0.369456027,-136.0527292,-11.18896358,0.356616644
-132.0929093,-5.289833412,0.303245021,-136.2572371,-7.250039831,0.317967142,-136.3205499,-7.7206012,0.36468576,-136.3715052,-8.186925649,0.381214816,-136.360019,-8.628855139,0.390479079,-136.1917221,-9.008566956,0.39939451,-136.3196675,-9.506561388,0.402861419,-136.1192111,-9.873324249,0.413523187,-136.1398089,-10.32885841,0.393062504,-136.383938,-10.8757666,0.370121655,-136.2863501,-11.28416204,0.357361734
-132.3307141,-5.370747862,0.303761195,-136.4974113,-7.344285487,0.318357435,-136.559629,-7.815052638,0.364843799,-136.6097207,-8.281658604,0.381403776,-136.5974981,-8.723720943,0.390720058,-136.4287319,-9.10319602,0.399727294,-136.5557346,-9.601670767,0.403245406,-136.354798,-9.968098567,0.413996863,-136.3747466,-10.42390348,0.393619122,-136.6179034,-10.97163898,0.370725136,-136.5197355,-11.37998193,0.358053135
-132.5683349,-5.452265989,0.304240891,-136.7373618,-7.43916072,0.318681793,-136.79848,-7.910129953,0.364926131,-136.8477124,-8.377018528,0.381517278,-136.8347464,-8.819210594,0.390881201,-136.6655193,-9.198452426,0.399979544,-136.7915715,-9.697403662,0.403551198,-136.5901597,-10.06349834,0.41439165,-136.609458,-10.51957388,0.394096718,-136.8516399,-11.06813557,0.37126437,-136.7528823,-11.47642201,0.358687954
-132.8057702,-5.534387529,0.304684405,-136.9770861,-7.534664815,0.318941073,-137.0370992,-8.005831983,0.364933629,-137.0854787,-8.473005155,0.381555639,-137.071763,-8.915323896,0.390962757,-136.9020801,-9.294334736,0.400151654,-137.0271775,-9.793760092,0.403778465,-136.8252904,-10.15952148,0.414706775,-136.8439402,-10.61586881,0.394494597,-137.0851468,-11.16525621,0.371737316,-136.9857907,-11.57348233,0.359263641
-133.0430185,-5.617112245,0.305092065,-137.2165819,-7.630797226,0.319136349,-137.275485,-8.10215821,0.364867421,-137.323018,-8.56961801,0.381519401,-137.3085478,-9.012061032,0.390965362,-137.1384068,-9.39084022,0.400243888,-137.2625523,-9.890740153,0.403927147,-137.0601848,-10.25616602,0.414941659,-137.0781915,-10.71278763,0.394812313,-137.3184229,-11.26300036,0.372142064,-137.218464,-11.6711642,0.359778351
-133.280078,-5.700439817,0.305464126,-137.455848,-7.727557653,0.319268909,-137.5136373,-8.199108847,0.364729077,-137.5603279,-8.666856442,0.381409299,-137.5451007,-9.109422243,0.390889919,-137.3744928,-9.487966255,0.400256659,-137.4976953,-9.988343605,0.40399724,-137.29484,-10.35343077,0.415096039,-137.3122105,-10.81032976,0.395049661,-137.5514663,-11.36136729,0.372476939,-137.4509051,-11.76946893,0.360230684
-133.5169466,-5.784369912,0.305800753,-137.6948834,-7.824946013,0.319340309,-137.7515567,-8.296684351,0.364520517,-137.7974065,-8.76471983,0.381226251,-137.7814214,-9.207407426,0.390737373,-137.6103343,-9.585711351,0.400190685,-137.7326051,-10.08656991,0.403988847,-137.529256,-10.45131569,0.415170029,-137.5459959,-10.9084947,0.395206735,-137.7842749,-11.46035622,0.372740695,-137.6831148,-11.86839705,0.360619374
-133.7536232,-5.868902209,0.306101962,-137.9336876,-7.922962259,0.319352301,-137.9883912,-8.39454242,0.36425264,-138.0342521,-8.863207496,0.3809713,-138.0175087,-9.306016066,0.390508706,-137.8459326,-9.684075901,0.400047052,-137.9672803,-10.18541842,0.403902304,-137.7634357,-10.54982195,0.415164398,-137.7795466,-11.00728201,0.395283939,-138.0168461,-11.55996652,0.372932599,-137.9150921,-11.96794858,0.360943204
-133.9901064,-5.954036383,0.30636769,-138.1722598,-8.021606196,0.319306672,-138.2258396,-8.4933829,0.363927738,-138.2708633,-8.962318831,0.380645722,-138.2533609,-9.405247488,0.390205088,-138.0812932,-9.783062091,0.399827645,-138.2017188,-10.28488837,0.403738281,-137.9973818,-10.64895071,0.415080345,-138.0128611,-11.10669126,0.395282067,-138.2491779,-11.6601977,0.373052294,-138.1468349,-12.06812319,0.361201068
-134.2263954,-6.039772168,0.30659787,-138.4105986,-8.120877376,0.319205177,-138.4630532,-8.592847719,0.363538479,-138.5072387,-9.062053311,0.38025106,-138.4889762,-9.505100922,0.389827984,-138.316421,-9.882672131,0.399534824,-138.4359189,-10.3849793,0.403497948,-138.2310949,-10.74870257,0.414919244,-138.245938,-11.20672225,0.395202281,-138.4812684,-11.76104933,0.373099719,-138.3783412,-12.16892035,0.36139206
-134.4624891,-6.126109309,0.306792435,-138.6487028,-8.220775202,0.319049652,-138.7000303,-8.692936059,0.363086928,-138.743377,-9.162410444,0.379789184,-138.7243524,-9.605575792,0.38937931,-138.5513181,-9.982907144,0.399170983,-138.6698786,-10.48569085,0.403182843,-138.4645743,-10.84907763,0.414682491,-138.4787759,-11.30737488,0.395046013,-138.7131163,-11.86252109,0.373074926,-138.6096089,-12.27033938,0.361515443
-134.6983863,-6.213047526,0.30695132,-138.8865709,-8.321299036,0.318842072,-138.9367686,-8.793647143,0.362575472,-138.9792769,-9.263390039,0.379262344,-138.9594879,-9.706671729,0.388861367,-138.7859836,-10.08376724,0.398738306,-138.9035962,-10.58702263,0.402794728,-138.6978182,-10.95007566,0.414371568,-138.7113738,-11.40864902,0.394814869,-138.9447206,-11.96461255,0.372978081,-138.8406358,-12.37237931,0.361570713
-134.9340859,-6.3005866,0.307074436,-139.1242009,-8.422448299,0.318584716,-139.1732662,-8.894980508,0.362006912,-139.2149372,-9.364992039,0.378673039,-139.1943808,-9.808388364,0.388276668,-139.0204149,-10.18525179,0.398238894,-139.1370704,-10.68897437,0.402335481,-138.9308249,-11.05169626,0.413988081,-138.9437306,-11.51054439,0.394510473,-139.1760802,-12.06732325,0.372809604,-139.0714195,-12.47503915,0.36155767
-135.169587,-6.388726384,0.307161708,-139.3615909,-8.524222541,0.31828016,-139.4095212,-8.996935747,0.361384234,-139.4503567,-9.467216356,0.378023923,-139.4290298,-9.910725407,0.387627823,-139.254609,-10.28735989,0.397674919,-139.3703,-10.79154558,0.401806969,-139.1635926,-11.15393878,0.413533723,-139.1758447,-11.61306033,0.394134525,-139.4071942,-12.17065277,0.372570207,-139.3019578,-12.57831799,0.361476488
-135.4048887,-6.477466703,0.307213063,-139.5987391,-8.626621359,0.317931097,-139.645532,-9.099512586,0.360710533,-139.6855346,-9.5700628,0.37731765,-139.6634337,-10.01368243,0.386917407,-139.4885634,-10.3900906,0.397048659,-139.6032839,-10.89473581,0.401211233,-139.3961192,-11.25680229,0.413010385,-139.4077144,-11.71619604,0.39368889,-139.6380609,-12.27460062,0.372261036,-139.5322487,-12.68221529,0.361327813
-135.6399898,-6.566807269,0.307228367,-139.8356435,-8.729644374,0.317540279,-139.8812976,-9.20271076,0.359988835,-139.9204693,-9.673530769,0.376556811,-139.8975913,-10.11725893,0.386148049,-139.7222759,-10.49344292,0.396362646,-139.8360213,-10.99854462,0.400550544,-139.6284024,-11.36028584,0.412420198,-139.6393376,-11.81995073,0.393175716,-139.8686783,-12.37916639,0.371883574,-139.7622912,-12.78673101,0.361112656
-135.874889,-6.656747665,0.307207443,-140.0715662,-8.8329889,0.31712905,-140.1168172,-9.306529888,0.359222044,-140.1551591,-9.777619465,0.375744063,-140.131502,-10.22145452,0.385322548,-139.9557444,-10.597416,0.395619647,-140.0685105,-11.1029715,0.399827473,-139.8604399,-11.46438858,0.411765614,-139.8707124,-11.92432383,0.392597565,-140.0990445,-12.48434958,0.371439522,-139.9920846,-12.89186529,0.360832297
-136.1095847,-6.747287423,0.307150116,-140.3079733,-8.937277027,0.316683542,-140.3520904,-9.410969734,0.358413143,-140.389602,-9.882328103,0.374882207,-140.3651643,-10.32626875,0.384443945,-140.1889672,-10.70200919,0.394822688,-140.3007499,-11.20801608,0.399044924,-140.0922303,-11.5691102,0.411049465,-140.1018371,-12.029315,0.391957298,-140.3291574,-12.59014972,0.370930736,-140.2216283,-12.99761828,0.360488136
-136.3440755,-6.838426088,0.307056258,-140.5441333,-9.042188123,0.316203978,-140.5871162,-9.51602999,0.357565213,-140.6237962,-9.98765604,0.373974331,-140.5985767,-10.43170126,0.383515558,-140.4219431,-10.80722229,0.393975103,-140.5327377,-11.31367793,0.398205951,-140.3237729,-11.67445084,0.410274873,-140.33271,-12.13492393,0.391257936,-140.5590158,-12.69656633,0.370359106,-140.4509211,-13.10398956,0.360081543
-136.5783596,-6.930163262,0.306925916,-140.7800452,-9.147721695,0.315692973,-140.8218934,-9.621710312,0.356681492,-140.8577403,-10.09360303,0.373023791,-140.8317375,-10.53775166,0.382540819,-140.6546714,-10.9130555,0.393080393,-140.7644721,-11.41995665,0.39731369,-140.5550671,-11.78041071,0.409445094,-140.5633298,-12.24115033,0.390502522,-140.7886185,-12.80359899,0.369726667,-140.6799609,-13.21097825,0.359613912
-136.8124349,-7.022498406,0.306759282,-141.0157075,-9.253877363,0.315153342,-141.0564209,-9.728010564,0.355765328,-141.0914332,-10.200169,0.372034073,-141.0646447,-10.64441952,0.381523192,-140.8871517,-11.01950904,0.392142109,-140.9959516,-11.52685185,0.396371272,-140.7861123,-11.88698984,0.408563328,-140.7936952,-12.34799382,0.389694042,-141.017965,-12.91124749,0.369035712,-140.9087453,-13.31858336,0.359086798
-137.0462984,-7.115430697,0.306556514,-141.2511184,-9.360654777,0.314587996,-141.2906974,-9.834930694,0.35482009,-141.3248738,-10.30735389,0.371008684,-141.2972971,-10.7517045,0.38046607,-141.119383,-11.12658287,0.391163663,-141.2271751,-11.63436306,0.395381802,-141.0169069,-11.99418764,0.407632644,-141.0238053,-12.45545396,0.388835531,-141.2470542,-13.01951161,0.368288851,-141.1372714,-13.42680389,0.358502176
-137.2799474,-7.208959361,0.306317748,-141.4862759,-9.46805345,0.31399979,-141.5247221,-9.942470633,0.353849094,-141.5580611,-10.41515749,0.369950976,-141.5296936,-10.85960624,0.379372746,-141.351364,-11.23427648,0.390148246,-141.4581415,-11.74248986,0.394348479,-141.2474482,-12.10200306,0.406656027,-141.2536588,-12.56353033,0.387930121,-141.4758842,-13.12839091,0.36748907,-141.3655357,-13.53563857,0.357862511
-137.51338,-7.303083912,0.306043133,-141.7211783,-9.576072928,0.313391477,-141.7584937,-10.05063007,0.352855476,-141.7909939,-10.52357924,0.368864177,-141.7618336,-10.96812454,0.378246561,-141.5830923,-11.34258892,0.389098931,-141.6888496,-11.85123181,0.393274634,-141.4777338,-12.21043497,0.405636513,-141.4832537,-12.67222223,0.386981264,-141.7044526,-13.23788473,0.366639459,-141.5935326,-13.64508534,0.357170321
-137.7465956,-7.397804287,0.305732875,-141.955824,-9.684712657,0.312765613,-141.9920104,-10.15940822,0.351842226,-142.0236701,-10.63261832,0.367751449,-141.9937164,-11.0772592,0.37709092,-141.8145656,-11.45151922,0.38801877,-141.9192974,-11.96058829,0.39216392,-141.7077608,-12.31948247,0.404577462,-141.7125841,-12.78152732,0.385992792,-141.9327567,-13.34799235,0.365743174,-141.8212574,-13.75514238,0.356428165
-137.9795942,-7.493120789,0.305387329,-142.1902116,-9.793972068,0.312124639,-142.2252696,-10.26880397,0.350812214,-142.2560877,-10.74227398,0.366615984,-142.2253407,-11.18700988,0.375909388,-142.0457814,-11.56106654,0.386911077,-142.1494789,-12.07055705,0.391020327,-141.937526,-12.42914448,0.403482562,-141.9416394,-12.89144109,0.384968171,-142.1607945,-13.45871318,0.364803262,-142.0487081,-13.86580875,0.355638525
-138.212376,-7.589033675,0.305006913,-142.4243399,-9.903850694,0.311470982,-142.4582686,-10.37881625,0.349768311,-142.4882442,-10.85254538,0.365461282,-142.4567044,-11.29737608,0.374705645,-142.2767358,-11.67122953,0.385779476,-142.3793839,-12.18113355,0.389847437,-142.1670248,-12.5394194,0.40235544,-142.17041,-13.00195929,0.38391067,-142.3885656,-13.57004678,0.363822549,-142.2758856,-13.97708465,0.354803838
-138.4449404,-7.68554284,0.304591896,-142.6582071,-10.01434784,0.310807205,-142.6910051,-10.48944435,0.348713572,-142.7201337,-10.96343022,0.364291142,-142.6878046,-11.40835702,0.373483277,-142.5065322,-11.78159094,0.384638954,-142.6090029,-12.29231356,0.388648489,-142.3962535,-12.65030577,0.401199592,-142.3988919,-13.1130799,0.382823298,-142.6160695,-13.68199279,0.362803968,-142.5027933,-14.08897158,0.353926965
-138.6772863,-7.782647797,0.304142448,-142.8918073,-10.12546115,0.310136149,-142.9234765,-10.60068757,0.347651168,-142.9517458,-11.07492403,0.363108933,-142.9186389,-11.51995194,0.372245727,-142.7369447,-11.89299174,0.383484915,-142.838332,-12.40409498,0.387426409,-142.6252102,-12.76180282,0.40001819,-142.6270891,-13.22480457,0.381708804,-142.8433059,-13.7945509,0.361750567,-142.7294342,-14.20147094,0.353011091
-138.9094121,-7.880347899,0.303658742,-143.1251301,-10.23718611,0.309460183,-143.1556797,-10.71254489,0.346584102,-143.1830715,-11.18702265,0.361917595,-143.1492057,-11.63216026,0.370996067,-142.9670832,-12.00500327,0.382316651,-143.0673752,-12.51647941,0.386183868,-142.8538959,-12.87391073,0.398814233,-142.8550125,-13.33713826,0.380570742,-143.0702735,-13.90772065,0.360665691,-142.9558089,-14.31458327,0.352059557
-139.1413159,-7.978642491,0.303141063,-143.3581659,-10.34951847,0.308781318,-143.3876122,-10.82501541,0.345514999,-143.414107,-11.29972405,0.360719603,-143.3795044,-11.74498145,0.36973711,-143.1969486,-12.11762579,0.381136835,-143.2961437,-12.62947201,0.384924354,-143.0823134,-12.98663078,0.397590957,-143.0826717,-13.45008563,0.379413222,-143.2969705,-14.02150157,0.359552947,-143.1819163,-14.42830872,0.351075624
-139.3729958,-8.077531065,0.302589998,-143.5909105,-10.46245629,0.308101294,-143.6192733,-10.93809875,0.344446007,-143.6448564,-11.41302984,0.359517165,-143.6095346,-11.85841518,0.368471639,-143.426545,-12.23086104,0.37994845,-143.5246473,-12.7430776,0.383652019,-143.3104654,-13.09996414,0.396351797,-143.3100704,-13.56364888,0.3782402,-143.5233946,-14.13589315,0.358415906,-143.4077552,-14.54264719,0.350062516
-139.6044502,-8.177013271,0.302006323,-143.8233677,-10.57600122,0.307421454,-143.8506641,-11.05179515,0.343379206,-143.8753303,-11.52694495,0.358313207,-143.8392959,-11.97246116,0.36720244,-143.6558753,-12.34471048,0.378754639,-143.7528903,-12.85729883,0.382370825,-143.5383517,-13.21391116,0.395100301,-143.5372078,-13.67782815,0.377054947,-143.748713,-14.25048052,0.357265312,-143.633324,-14.65759842,0.349023431
-139.8356772,-8.277088765,0.301390888,-144.0555483,-10.69015809,0.306743802,-144.0817854,-11.16610491,0.342316678,-144.1055382,-11.64147402,0.357111247,-144.0687869,-12.08711894,0.365932502,-143.8849404,-12.45917479,0.377558571,-143.9808726,-12.97213624,0.381084089,-143.7659711,-13.32847184,0.393839814,-143.7640808,-13.79262254,0.375860282,-143.9745847,-14.36609965,0.356099856,-143.8586209,-14.77316185,0.347961514
-140.0666753,-8.377757216,0.300744547,-144.2874615,-10.80493135,0.306070809,-144.3126369,-11.28102793,0.341260512,-144.3346743,-11.75622491,0.35592446,-144.2980057,-12.20238812,0.364664801,-144.1137391,-12.57425408,0.376363129,-144.2085906,-13.0875886,0.379794546,-143.9933222,-13.44364599,0.392573511,-143.9906856,-13.90803073,0.374658905,-144.2001781,-14.48232801,0.354920353,-144.0836432,-14.8893365,0.346879908
-140.2974433,-8.479018238,0.300067969,-144.5191108,-10.92032288,0.305404604,-144.5432174,-11.39656408,0.340212803,-144.5643528,-11.87200267,0.354754207,-144.5269499,-12.31826808,0.36340212,-144.34227,-12.68994816,0.37517095,-144.4360393,-13.20365398,0.378504648,-144.2204031,-13.55943322,0.391304428,-144.217019,-14.02405148,0.373453477,-144.4254923,-14.59916525,0.353730069,-144.3083881,-15.00612107,0.345781687
-140.5279802,-8.580871395,0.299361791,-144.7504949,-11.03633251,0.304746635,-144.7735261,-11.51271342,0.339175536,-144.7937652,-11.98839615,0.35359414,-144.7556175,-12.43475823,0.362147037,-144.5705314,-12.8062567,0.373984497,-144.6632141,-13.32033029,0.377216813,-144.4472116,-13.67583278,0.390035393,-144.4430781,-14.14068361,0.372246755,-144.6505261,-14.71661109,0.352532206,-144.5328527,-15.1235144,0.344669813
-140.7582852,-8.683316317,0.298626715,-144.9816103,-11.15295911,0.304097869,-145.0035617,-11.62947587,0.33815054,-145.0229067,-12.10540345,0.352445967,-144.9831888,-12.55144175,0.360904674,-144.7985212,-12.92317906,0.372806013,-144.8901109,-13.43761576,0.375933504,-144.6737449,-13.79284353,0.388769058,-144.6680074,-14.25748564,0.371043655,-144.8752783,-14.83466504,0.351329764,-144.7570352,-15.24151562,0.343547157
-140.9883572,-8.786352634,0.297863553,-145.212453,-11.27020121,0.303459117,-145.2333224,-11.74685098,0.337139407,-145.2517727,-12.22302254,0.351311287,-145.2112943,-12.66916511,0.359688511,-145.0262369,-13.04071424,0.3716376,-145.1167271,-13.55550935,0.374657224,-144.9000005,-13.91046442,0.387507938,-144.8935089,-14.37534686,0.369853873,-145.0997477,-14.95332649,0.350125584,-144.9809344,-15.36012418,0.342416562
-141.2181947,-8.889979986,0.297073366,-145.4430197,-11.38805753,0.302831168,-145.4628051,-11.8648374,0.336143477,-145.4803597,-12.34125182,0.350191737,-145.4391187,-12.78749727,0.358486368,-145.2536754,-13.15886094,0.370481146,-145.3430619,-13.67401072,0.373390381,-145.1259765,-14.02869472,0.386254379,-145.1187295,-14.49381686,0.368670445,-145.3239327,-15.07259479,0.348922401,-145.2045493,-15.47933967,0.341280846
-141.447796,-8.994197999,0.296257316,-145.6733077,-11.50652701,0.302214841,-145.6912497,-11.98305291,0.335173381,-145.7086654,-12.46009043,0.349088961,-145.666661,-12.90643792,0.357300018,-145.4808341,-13.27761801,0.369338287,-145.5691148,-13.79311975,0.372135172,-145.3516717,-14.14753391,0.385010518,-145.3436679,-14.61289499,0.367495445,-145.5478316,-15.19246919,0.34772292,-145.4278783,-15.59916161,0.340142928
-141.6771591,-9.099006197,0.295416577,-145.9033147,-11.62560867,0.301610898,-145.9201554,-12.10227248,0.334230995,-145.9366889,-12.57953804,0.348004476,-145.8939203,-13.02598661,0.356130927,-145.707711,-13.39698459,0.368210425,-145.7948852,-13.91283626,0.370893556,-145.577085,-14.26698152,0.383778334,-145.5683226,-14.73258061,0.366330752,-145.7714425,-15.31294914,0.346529947,-145.6509184,-15.71958879,0.33900579
-141.906282,-9.204404096,0.294552301,-146.1330388,-11.74530178,0.301019964,-146.1487709,-12.22209766,0.333306091,-146.1644294,-12.69959433,0.346939554,-146.1208954,-13.14614293,0.354980363,-145.9343049,-13.51696007,0.36709881,-146.0203722,-14.03315984,0.369667222,-145.8013436,-14.38657933,0.382565896,-145.792692,-14.85287316,0.365178143,-145.9947633,-15.43403407,0.34534619,-145.8736643,-15.840619,0.33787209
-142.1351635,-9.310391224,0.293665488,-146.3624786,-11.86560579,0.300442407,-146.377096,-12.34252842,0.332399082,-146.3918859,-12.82025883,0.345895188,-146.3475851,-13.26690632,0.353849428,-146.1606145,-13.63754402,0.366004565,-146.2455738,-14.1540899,0.368457753,-146.0261864,-14.50725305,0.381375846,-146.016775,-14.97377255,0.364039375,-146.2177922,-15.55572346,0.344174185,-146.0961114,-15.96225006,0.336744205
-142.3638026,-9.416967225,0.292757123,-146.5909662,-11.98617086,0.299880639,-146.6051325,-12.46356573,0.331510492,-146.6190567,-12.94153083,0.344872113,-146.5739877,-13.38827606,0.352739148,-146.3866386,-13.75873598,0.36492875,-146.4704885,-14.27562602,0.367266603,-146.2507408,-14.62853286,0.380202959,-146.2405709,-15.09527894,0.362916081,-146.4405276,-15.67801688,0.343016216,-146.3182568,-16.08448074,0.335624251
-142.5921988,-9.524131943,0.291828282,-146.8198247,-12.10771397,0.299353,-146.8328816,-12.58521037,0.330640835,-146.8459398,-13.06340962,0.34387095,-146.8001008,-13.51025138,0.351650564,-146.612376,-13.88053578,0.363872365,-146.6951148,-14.397768,0.366095073,-146.4750019,-14.7504166,0.379048647,-146.464079,-15.21739247,0.36180971,-146.662968,-15.80091373,0.341874238,-146.5401011,-16.2073114,0.334514212
-142.8199363,-9.631689211,0.290880156,-147.0483939,-12.22986576,0.298838644,-147.0603428,-12.70746249,0.329790533,-147.0725336,-13.18589483,0.342892239,-147.0259215,-13.63283125,0.350584503,-146.8378254,-14.00294339,0.36283628,-146.9194515,-14.52051565,0.364944288,-146.6989654,-14.87290236,0.377914009,-146.6872979,-15.34011287,0.360721384,-146.8851122,-15.9244135,0.340750033,-146.7616472,-16.33074382,0.333416304
-143.0476019,-9.739919715,0.289918837,-147.2766722,-12.35262564,0.2983374,-147.287514,-12.83032135,0.328959787,-147.298837,-13.30898632,0.341936397,-147.2514473,-13.75601472,0.349541565,-147.0629858,-14.12595867,0.361821168,-147.1426786,-14.64342076,0.363817555,-146.9226287,-14.99598898,0.37679985,-146.9102253,-15.46343903,0.359651894,-147.1069589,-16.04851562,0.339645236,-146.9828977,-16.45477968,0.332332826
-143.2752622,-9.848853792,0.288942516,-147.5046581,-12.47599337,0.297849059,-147.5143914,-12.95378549,0.328148453,-147.5248488,-13.43268398,0.341003672,-147.4766763,-13.87980112,0.348522099,-147.2878557,-14.24958123,0.360827396,-147.3664278,-14.76739038,0.362725299,-147.1459919,-15.11967669,0.375706796,-147.1328579,-15.58736936,0.358601783,-147.3285065,-16.1732195,0.338561337,-147.203853,-16.57941951,0.331265852
-143.5026725,-9.958374976,0.287951389,-147.7323509,-12.59996904,0.297373384,-147.7409716,-13.07785348,0.327356159,-147.7505678,-13.55698742,0.340094029,-147.7016074,-14.00418997,0.347526198,-147.5124329,-14.3738101,0.359855051,-147.5898811,-14.89196307,0.361655556,-147.3690578,-15.24396708,0.374635668,-147.3551926,-15.71190231,0.357571455,-147.5497536,-16.29852468,0.33749968,-147.4245115,-16.70466275,0.330217039
-143.7298305,-10.06848258,0.286946746,-147.9597498,-12.7245527,0.296910043,-147.9672523,-13.2025242,0.326582362,-147.9759918,-13.68189565,0.339207207,-147.9262397,-14.12918101,0.346553869,-147.7367145,-14.49864391,0.358904001,-147.8130358,-15.01713752,0.360608546,-147.5918282,-15.36886155,0.373587327,-147.577227,-15.83703684,0.356561318,-147.7706989,-16.42443079,0.336461449,-147.6448703,-16.83050827,0.329187697
-143.9567348,-10.17917584,0.285929506,-148.1868536,-12.84974393,0.29645846,-148.1932321,-13.32779707,0.325826472,-148.201118,-13.80740731,0.338342769,-148.1505725,-14.25477396,0.345605024,-147.960698,-14.62408136,0.357973998,-148.0358898,-15.14291285,0.359584488,-147.8143035,-15.49436048,0.372562403,-147.7989597,-15.96277251,0.355571792,-147.9913412,-16.55093747,0.335447635,-147.8649268,-16.95695477,0.328178899
-144.1833849,-10.29045434,0.284900596,-148.4136599,-12.97554162,0.296017916,-148.4189105,-13.453672,0.325087971,-148.4259438,-13.93352109,0.337500196,-148.3746046,-14.38096837,0.344679459,-148.184381,-14.7501215,0.357064792,-148.2584415,-15.2692885,0.35858357,-148.0364817,-15.62046321,0.371561144,-148.02039,-16.08910919,0.354603255,-148.2116792,-16.67804416,0.334458954,-148.0846787,-17.08400116,0.327191518
-144.4097803,-10.40231775,0.283861026,-148.6401657,-13.10194416,0.295587552,-148.6442872,-13.58014893,0.324366349,-148.6504669,-14.06023604,0.336678994,-148.5983344,-14.50776373,0.343776824,-148.4077622,-14.87676384,0.356176145,-148.4806897,-15.39626409,0.357605887,-148.2583598,-15.74716846,0.370583458,-148.241517,-16.21604678,0.353655934,-148.4317112,-16.80575005,0.333495855,-148.3041242,-17.21164655,0.326226349
-144.63592,-10.51476555,0.282811916,-148.8663676,-13.22894998,0.295166479,-148.8693613,-13.70722764,0.323661025,-148.8746859,-14.18755163,0.335878685,-148.8217605,-14.63515955,0.342896656,-148.6308405,-15.00400818,0.355307793,-148.7026332,-15.52383925,0.356651362,-148.4799351,-15.87447491,0.36962904,-148.4623398,-16.34358486,0.352729777,-148.6514355,-16.93405428,0.332558612,-148.5232618,-17.3398903,0.325284111
-144.8618023,-10.62779734,0.281754681,-149.0922635,-13.3565581,0.29475391,-149.0941314,-13.8349077,0.322971304,-149.0985998,-14.31546763,0.335098785,-149.0448815,-14.76315533,0.342038367,-148.8536151,-15.13185428,0.354459367,-148.9242708,-15.65201346,0.355719644,-148.7012053,-16.00238149,0.368697434,-148.6828566,-16.47172264,0.351824492,-148.8708499,-17.06295593,0.331647431,-148.74209,-17.46873177,0.324365571
-145.0874252,-10.74141256,0.280690739,-149.317852,-13.48476807,0.294349183,-149.318596,-13.96318847,0.322296376,-149.3222077,-14.44398378,0.334338691,-149.2676959,-14.8917504,0.341201193,-149.0760847,-15.26030167,0.353630266,-149.1456013,-15.78078611,0.354810243,-148.922169,-16.13088751,0.367788182,-148.9030656,-16.6004592,0.35093965,-149.0899525,-17.19245427,0.330762603,-148.9606055,-17.59816972,0.323471595
-145.3127865,-10.85561062,0.279621452,-149.5431324,-13.61357966,0.29395169,-149.5427531,-14.09206918,0.321635295,-149.5455084,-14.57309955,0.333597602,-149.4902021,-15.02094394,0.340384232,-149.2982477,-15.38934959,0.352819713,-149.3666231,-15.91015649,0.353922588,-149.142825,-16.25999249,0.366900837,-149.1229642,-16.72979332,0.350074914,-149.3087407,-17.32254843,0.32990443,-149.1788038,-17.72820204,0.322602702
-145.5378845,-10.97039106,0.278548121,-149.7681035,-13.74299258,0.293560741,-149.766601,-14.22154893,0.320986989,-149.7685002,-14.70281414,0.332874577,-149.7123983,-15.15073507,0.339586518,-149.5201024,-15.51899713,0.352026825,-149.5873339,-16.04012352,0.353056253,-149.3631718,-16.38969581,0.36603503,-149.3425472,-16.85972245,0.349230224,-149.5272112,-17.45323714,0.329072982,-149.3966805,-17.85882672,0.321759116
-145.7627177,-11.08575343,0.27747191,-149.9927643,-13.87300623,0.293175491,-149.9901378,-14.3516268,0.320350347,-149.9911814,-14.83312661,0.332168607,-149.9342826,-15.28112294,0.338807138,-149.7416464,-15.64924317,0.351250831,-149.8077277,-16.17068429,0.352211136,-149.5832065,-16.51999636,0.365190509,-149.5618061,-16.99024218,0.348405168,-149.7453615,-17.58451928,0.328268002,-149.6135129,-17.98961452,0.320946066
-145.9872849,-11.20169736,0.276393969,-150.2171129,-14.00361978,0.292795008,-150.2133621,-14.48230196,0.31972428,-150.2135496,-14.96403588,0.331478876,-150.155853,-15.41210679,0.338045364,-149.9628748,-15.78008538,0.350491267,-150.0277944,-16.30183337,0.351386664,-149.8029246,-16.65089218,0.364366766,-149.7807334,-17.12134853,0.347599052,-149.9631899,-17.71639412,0.327488912,-149.8307385,-18.12142998,0.320163219
-146.2115851,-11.31822252,0.275315433,-150.4411477,-14.13483228,0.292418351,-150.4362717,-14.61357356,0.31910789,-150.4355996,-15.09553955,0.330804886,-150.3771069,-15.54368574,0.337300563,-150.18378,-15.91151991,0.349747397,-150.2475251,-16.43356584,0.350581924,-150.0223219,-16.78238136,0.363563066,-149.9993258,-17.25303972,0.346811035,-150.180696,-17.84886146,0.326735081,-150.0476412,-18.25383771,0.319405065
-146.4356171,-11.43532852,0.27423736,-150.6648661,-14.26664263,0.292044834,-150.658864,-14.7454406,0.318500498,-150.6573239,-15.22763358,0.330145846,-150.598041,-15.67585848,0.336571986,-150.4043554,-16.04354331,0.349018305,-150.4669157,-16.56587948,0.349795848,-150.2413962,-16.91446282,0.362778484,-150.2175854,-17.38531715,0.346040114,-150.3978794,-17.98192124,0.326005872,-150.2642224,-18.38683867,0.318671393
-146.6593798,-11.55301486,0.273160647,-150.8882632,-14.39904844,0.291674084,-150.8811358,-14.87790169,0.317901376,-150.8787155,-15.36031433,0.329500768,-150.8186528,-15.8086238,0.335858661,-150.6245977,-16.17615389,0.348302993,-150.6859695,-16.69877615,0.349027179,-150.4601468,-17.04713636,0.362011954,-150.4355191,-17.51818498,0.345285872,-150.6147395,-18.11557316,0.3253005,-150.4804819,-18.52043288,0.317961695
-146.8828721,-11.67128109,0.272086149,-151.111331,-14.53204551,0.291305427,-151.1030839,-15.01095551,0.31730974,-151.0997709,-15.49358003,0.328868527,-151.0389406,-15.94198101,0.335159405,-150.8445087,-16.30935278,0.347600322,-150.9046955,-16.83226133,0.348275449,-150.6785749,-17.18040276,0.361262592,-150.6531328,-17.65164699,0.344548218,-150.8312751,-18.24981654,0.324617964,-150.6964184,-18.65461954,0.317275119
-147.1060928,-11.79012673,0.271014711,-151.3340623,-14.66563,0.290938016,-151.3247063,-15.14460117,0.316724646,-151.3204923,-15.62743181,0.328247895,-151.258904,-16.07592986,0.334473099,-151.0633339,-16.4426877,0.346915944,-151.1231014,-16.96633994,0.34754066,-150.8966813,-17.31426274,0.360529578,-150.8704286,-17.78570459,0.343826625,-151.0474848,-18.38465057,0.323957141,-150.9120297,-18.78939748,0.316610643
-147.3290404,-11.90955111,0.269947231,-151.5564537,-14.79980001,0.290570906,-151.5460022,-15.27883836,0.316145057,-151.5401771,-15.76144137,0.327638405,-151.4785426,-16.21047029,0.33379872,-151.2825912,-16.57708766,0.346255402,-151.3411904,-17.10101394,0.346822317,-151.1144659,-17.44871623,0.359811911,-151.0874051,-17.920357,0.343119892,-151.2633668,-18.52007428,0.323316888,-151.1273135,-18.92476537,0.315967285
-147.5517126,-12.02955348,0.268884768,-151.7785071,-14.93455665,0.290203155,-151.766972,-15.41366723,0.315570084,-151.7602388,-15.89649258,0.327060197,-151.6978558,-16.34560195,0.33313519,-151.5015287,-16.71208345,0.345606009,-151.5589607,-17.23628242,0.34611911,-151.331927,-17.58376237,0.359108349,-151.3040592,-18.05560239,0.342426469,-151.4789189,-18.65608665,0.322696279,-151.3422673,-19.06072226,0.315344413
-147.7741067,-12.15013283,0.26782832,-152.0002288,-15.06990373,0.289834489,-151.9876155,-15.54908793,0.314998925,-151.979979,-16.03213792,0.326492046,-151.9168425,-16.48132421,0.332481311,-151.7201451,-16.84767426,0.344966546,-151.7764082,-17.37214295,0.345429283,-151.5490627,-17.71939995,0.358417547,-151.5203872,-18.19143867,0.341744874,-151.6941385,-18.79268669,0.322094583,-151.5568883,-19.19726702,0.314741552
-147.99622,-12.27128822,0.26677879,-152.2216243,-15.20584472,0.289464983,-152.2072731,-15.68469316,0.314430678,-152.1993963,-16.16837655,0.325932729,-152.1355013,-16.61763625,0.331835858,-151.9384372,-16.98385827,0.344335522,-151.9935283,-17.50859285,0.344751188,-151.7658704,-17.85562761,0.357738272,-151.7363857,-18.3278642,0.341074067,-151.9090226,-18.92987323,0.321511035,-151.771173,-19.33439809,0.31415809
-148.2180509,-12.39301903,0.265736981,-152.4426957,-15.34238093,0.28909434,-152.4272374,-15.821304,0.313885943,-152.4184875,-16.30520658,0.325380748,-152.3538306,-16.75453715,0.33119764,-152.1564016,-17.12063338,0.343711503,-152.2103172,-17.64563022,0.344083691,-151.9823476,-17.9924442,0.357069642,-151.9520529,-18.4648785,0.340413393,-152.1235686,-19.0676452,0.32094475,-151.9851185,-19.47211416,0.313593172
-148.4395982,-12.51532482,0.264703534,-152.6628169,-15.47914482,0.288739785,-152.646886,-15.95851459,0.313343194,-152.6372488,-16.44262585,0.324834702,-152.5718282,-16.89202591,0.330565769,-152.3740351,-17.25799806,0.343093497,-152.426773,-17.78325455,0.343426118,-152.1984916,-18.12984878,0.356411035,-152.1673881,-18.60248182,0.339762452,-152.337775,-19.20600178,0.3203946,-152.1987234,-19.61041441,0.313045637
-148.6608613,-12.63820543,0.263679085,-152.8832235,-15.61688854,0.288388893,-152.8662023,-16.09631348,0.312800532,-152.8556773,-16.58063286,0.324293673,-152.7887789,-17.02965897,0.329947831,-152.5913359,-17.39595188,0.342480947,-152.6428953,-17.92146623,0.3427781,-152.4142996,-18.26784016,0.355761836,-152.382391,-18.74067456,0.339120822,-152.5516405,-19.34494228,0.319859357,-152.4119876,-19.74929892,0.312514436
-148.8818396,-12.76166061,0.262664262,-153.1032983,-15.75522306,0.288033909,-153.085184,-16.23469978,0.312257492,-153.0737712,-16.71922728,0.323757138,-153.0060964,-17.16833568,0.329346815,-152.8083034,-17.53449507,0.341873546,-152.8586842,-18.06026581,0.342139255,-152.6297693,-18.40641738,0.355121281,-152.5970609,-18.87945657,0.338487773,-152.7651642,-19.48446624,0.319337852,-152.6249113,-19.88876785,0.311998655
-149.1025318,-12.88568993,0.261659654,-153.3230382,-15.89414701,0.287674353,-153.3038288,-16.37367258,0.311713863,-153.2915304,-16.85840955,0.323224853,-153.2230743,-17.3075971,0.328750524,-153.0249373,-17.67362808,0.341271023,-153.0741384,-18.19965278,0.341508899,-152.8448995,-18.54557989,0.354488388,-152.8113957,-19.01882657,0.33786236,-152.9783451,-19.62457319,0.318829043,-152.8374935,-20.02882095,0.311497479
-149.3229365,-13.01029288,0.260665791,-153.5424414,-16.03365986,0.287310107,-153.5221338,-16.51323068,0.31116944,-153.5089548,-16.99818025,0.322696625,-153.4397107,-17.44744233,0.328158193,-153.2412368,-17.81335072,0.340672837,-153.289255,-18.33962534,0.340886,-153.0596898,-18.68532754,0.353862246,-153.0253917,-19.15878244,0.33724344,-153.1911816,-19.7652625,0.318332055,-153.0497321,-20.16945737,0.311010157
-149.5430524,-13.13546902,0.259683169,-153.7615072,-16.1737618,0.286941318,-153.7400966,-16.65337308,0.310623939,-153.7260431,-17.13853876,0.322171976,-153.6560044,-17.58787069,0.327568997,-153.4571996,-17.95366164,0.340078224,-153.5040307,-18.48018146,0.340269383,-153.2741399,-18.82566024,0.35324206,-153.2390454,-19.29932204,0.336629931,-153.4036719,-19.9065335,0.317846052,-153.2616239,-20.31067557,0.310535773
-149.7628781,-13.26121786,0.258712248,-153.9802353,-16.31445315,0.286568155,-153.9577159,-16.79409899,0.310076883,-153.9427922,-17.27948323,0.3216501,-153.8719548,-17.72888181,0.326982257,-153.6728223,-18.09455874,0.33948626,-153.7184625,-18.62131943,0.339658051,-153.4882488,-18.96657751,0.352627196,-153.452354,-19.44044404,0.336021037,-153.6158137,-20.04838536,0.317370183,-153.473166,-20.45247402,0.310073278
-149.9824123,-13.38753882,0.257753405,-154.1986243,-16.45573313,0.286190506,-154.1749908,-16.93540803,0.309527876,-154.1591989,-17.42101157,0.321130095,-154.087561,-17.87047525,0.326397445,-153.8881011,-18.2360397,0.338896118,-153.9325483,-18.7630384,0.339051316,-153.7020139,-19.10807834,0.352017163,-153.665316,-19.58214797,0.33541621,-153.8276055,-20.19081726,0.316903428,-153.6843561,-20.59485143,0.309621451
-150.2016532,-13.51443116,0.256806896,-154.4166712,-16.59759995,0.285807974,-154.391921,-17.0772999,0.308976669,-154.37526,-17.56312204,0.320611233,-154.3028215,-18.01265047,0.325814256,-154.1030316,-18.37810219,0.338307332,-154.146287,-18.90533812,0.338448705,-153.9154323,-19.25016124,0.35141142,-153.8779302,-19.7244337,0.334815055,-154.0390458,-20.33382827,0.316444561,-153.8951929,-20.73780684,0.309179002
-150.4205994,-13.64189407,0.255872927,-154.6343727,-16.74005159,0.285420083,-154.6085052,-17.21977405,0.308423166,-154.5909736,-17.70581378,0.32009313,-154.5177344,-18.15540672,0.325232481,-154.3176093,-18.52074357,0.337719515,-154.3596776,-19.04821849,0.337849833,-154.1285009,-19.39282471,0.350809409,-154.0901961,-19.86730104,0.334217028,-154.2501333,-20.47741735,0.315992377,-154.1056759,-20.88133979,0.308744818
-150.6392493,-13.76992675,0.254951704,-154.851726,-16.88308643,0.285026533,-154.8247416,-17.36282975,0.307867451,-154.8063386,-17.84908656,0.319575653,-154.7322974,-18.29874298,0.324651902,-154.5318302,-18.66396177,0.337132331,-154.5727192,-19.19167915,0.337254116,-154.3412177,-19.53606762,0.350210426,-154.3021123,-20.01074913,0.333621373,-154.4608665,-20.62158352,0.315545774,-154.3158042,-21.02544977,0.308318007
-150.8576008,-13.8985284,0.254043563,-155.0687294,-17.02670368,0.284627354,-155.040628,-17.50646599,0.307309641,-155.0213542,-17.9929403,0.319058765,-154.9465085,-18.4426583,0.324072221,-154.7456927,-18.80775587,0.336545419,-154.7854104,-19.33571907,0.336660788,-154.5535816,-19.67988921,0.349613707,-154.5136768,-20.1547765,0.333027272,-154.6712437,-20.7663258,0.315103974,-154.5255764,-21.17013629,0.307897933
-151.0756516,-14.0276981,0.253149047,-155.2853816,-17.17090312,0.284222788,-155.256162,-17.65068173,0.306749854,-155.2360193,-18.1373747,0.318542283,-155.1603663,-18.58715168,0.323492962,-154.9591976,-18.95212635,0.335958316,-154.9977488,-19.48033665,0.336069057,-154.765592,-19.82428901,0.349018657,-154.7248872,-20.29938154,0.332433971,-154.8812625,-20.91164327,0.31466649,-154.7349914,-21.31539913,0.307484062
-151.2933985,-14.15743456,0.252268636,-155.5016817,-17.31568463,0.28381315,-155.471342,-17.79547609,0.306188097,-155.4503326,-18.28238873,0.318025812,-155.3738694,-18.73222219,0.3229137,-155.1723475,-19.09707495,0.335370871,-155.2097321,-19.62553026,0.335478242,-154.9772484,-19.96926661,0.348424845,-154.935741,-20.4445629,0.331841109,-155.090921,-21.05753504,0.314232893,-154.9440482,-21.46123829,0.30707593
-151.5108386,-14.28773656,0.25140269,-155.717629,-17.46104786,0.283398573,-155.6861666,-17.94084813,0.30562426,-155.6642917,-18.42798078,0.31750889,-155.5870168,-18.87786902,0.322334158,-155.3851446,-19.24260307,0.334783168,-155.4213579,-19.77129862,0.334888087,-155.1878057,-20.11432253,0.34784327,-155.1455303,-20.58983535,0.331252349,-155.300217,-21.2040002,0.313802775,-155.1527461,-21.60765367,0.306673039
-151.7279702,-14.41860334,0.250551395,-155.9332218,-17.60699171,0.282978977,-155.9006349,-18.08679705,0.305058313,-155.8778944,-18.57414922,0.316991147,-155.7998068,-19.02409122,0.321754315,-155.5975887,-19.38871081,0.334195389,-155.6323856,-19.91747553,0.33429864,-155.3987422,-20.26046685,0.347268897,-155.3556602,-20.73618006,0.33067625,-155.5084812,-21.35057227,0.313379043,-155.3610831,-21.7546443,0.306274737
-151.9447924,-14.55003453,0.249714755,-156.1484579,-17.75351462,0.282554212,-156.1147457,-18.23332208,0.304490357,-156.0911381,-18.7208927,0.316472568,-156.0122375,-19.17088798,0.321174453,-155.8096779,-19.53539756,0.33360772,-155.8428209,-20.06408277,0.333726449,-155.6093209,-20.40718807,0.34669599,-155.5654305,-20.88310087,0.330101111,-155.7170414,-21.49819241,0.312968524,-155.5690567,-21.90220848,0.305880252
-152.1613052,-14.68203021,0.248892819,-156.363335,-17.90061495,0.282124216,-156.3284974,-18.38042234,0.303920788,-156.3040216,-18.86821073,0.315953469,-156.2243069,-19.31825837,0.32059494,-156.0214102,-19.68266244,0.333020355,-156.053361,-20.21158897,0.333157511,-155.8195409,-20.5544862,0.346124748,-155.7748401,-21.03059734,0.329526993,-155.9252348,-21.6463836,0.312559894,-155.7766639,-22.05034439,0.305488824
-152.3775083,-14.81459037,0.248085655,-156.5778508,-18.04829142,0.281689279,-156.5418881,-18.52809699,0.303350225,-156.516544,-19.01610341,0.31543438,-156.4360128,-19.46620149,0.320016153,-156.2327833,-19.83050446,0.33243354,-156.2635404,-20.35966991,0.332590121,-156.0294009,-20.70236057,0.345555185,-155.983887,-21.17866819,0.328953872,-156.13306,-21.79514509,0.312152761,-155.9839025,-22.19905056,0.305099843
-152.593401,-14.94771457,0.24729323,-156.7920039,-18.19654355,0.281249992,-156.7549155,-18.6763451,0.302779323,-156.7287048,-19.16457081,0.314915906,-156.6473534,-19.61471654,0.319438375,-156.4437951,-19.97892261,0.331847483,-156.4733572,-20.50832431,0.332024311,-156.2388986,-20.85080982,0.344987263,-156.1925683,-21.32731159,0.328381675,-156.3405155,-21.94447608,0.311746857,-156.1907708,-22.34832608,0.3047129
-152.8089819,-15.08140203,0.246515361,-157.0057936,-18.34537146,0.280807138,-156.9675776,-18.82516572,0.302208723,-156.9405029,-19.3136126,0.314398469,-156.8583277,-19.76380279,0.318861808,-156.6544434,-20.12791554,0.331262416,-156.6828085,-20.65755024,0.331460054,-156.4480312,-20.99983209,0.344420919,-156.4008812,-21.47652572,0.327810383,-156.5475999,-22.09437579,0.311341977,-156.3972675,-22.49817047,0.304327758
-153.0242495,-15.21565188,0.245751812,-157.2192192,-18.4947752,0.280361544,-157.1798727,-18.974558,0.301638915,-157.1519365,-19.46322757,0.313882366,-157.0689348,-19.91345976,0.318286742,-156.8647259,-20.27748165,0.330678606,-156.8918912,-20.80734584,0.330897378,-156.6567958,-21.14942558,0.34385616,-156.6088235,-21.62630934,0.327240161,-156.7543115,-22.24484344,0.310937994,-156.6033917,-22.6485833,0.303944296
-153.2392022,-15.35046323,0.245002395,-157.4322799,-18.64475443,0.279913822,-157.3917997,-19.12452122,0.301070327,-157.3630026,-19.6134139,0.313367816,-157.2791735,-20.06368696,0.31771356,-157.07464,-20.42761945,0.330096377,-157.1006033,-20.9577098,0.330336494,-156.8651904,-21.29958909,0.343293173,-156.8163939,-21.77666177,0.32667136,-156.9606486,-22.39587816,0.310534899,-156.8091417,-22.79956385,0.303562521
-153.4538382,-15.48583516,0.244267154,-157.6449737,-18.79530792,0.279464442,-157.6033578,-19.2750549,0.300503476,-157.5736987,-19.7641698,0.312855066,-157.4890428,-20.21448366,0.317142727,-157.2841839,-20.57832783,0.329516184,-157.3089433,-21.10864147,0.3297778,-157.0732137,-21.45032198,0.342732329,-157.0235912,-21.92758254,0.326104454,-157.1666091,-22.54747879,0.310132836,-157.0145142,-22.95111012,0.303182536
-153.6681549,-15.62176678,0.243546359,-157.8567231,-18.94603359,0.279020996,-157.8145459,-19.42615858,0.299938952,-157.7833799,-19.91503315,0.312345796,-157.6985408,-20.36584895,0.316574738,-157.4933562,-20.72960609,0.328938574,-157.5169102,-21.2601404,0.32922182,-157.2808644,-21.60162382,0.34217413,-157.230414,-22.07907089,0.325540079,-157.3721902,-22.69964369,0.309731944,-157.2195039,-23.10321866,0.302804229
-153.8821498,-15.75825694,0.24284027,-158.0686612,-19.09775114,0.278596208,-158.0247493,-19.57739238,0.29937933,-157.9933183,-20.06694244,0.311861188,-157.9076657,-20.51778182,0.316010104,-157.7021558,-20.88145379,0.328364158,-157.7245028,-21.41220607,0.32866916,-157.4881413,-21.75349394,0.341619198,-157.4368574,-22.23112383,0.324979056,-157.577389,-22.85237134,0.309332377,-157.4241059,-23.25588619,0.30242739
-154.0958204,-15.89530458,0.242149059,-158.2802245,-19.25003798,0.278171095,-158.2351814,-19.729653,0.298846022,-158.2028817,-20.21941868,0.311380055,-158.1164156,-20.6702812,0.315449378,-157.9105814,-21.03387029,0.327793635,-157.9317194,-21.56483775,0.328120476,-157.6950411,-21.90593049,0.341068256,-157.6429133,-22.38373567,0.324421799,-157.7822038,-23.00566059,0.308934295,-157.6283172,-23.40911074,0.302051838
-154.3091648,-16.03290891,0.241472693,-158.4914116,-19.40289331,0.277746295,-158.4452392,-19.88248131,0.298317057,-158.4120686,-20.3724612,0.3109032,-158.3247886,-20.82334608,0.314893238,-158.1179469,-21.18637143,0.327243846,-158.1385581,-21.71803441,0.327576396,-157.9015586,-22.05893008,0.34052178,-157.8485739,-22.53690108,0.323868534,-157.9866331,-23.15951072,0.308537864,-157.832138,-23.56289244,0.301677551
-154.5221822,-16.17106931,0.240810996,-158.7022214,-19.55631671,0.27732254,-158.6549208,-20.03587635,0.297793142,-158.6208748,-20.52606722,0.310431597,-158.5327823,-20.97697513,0.314342462,-158.325602,-21.33993396,0.326704446,-158.3450167,-21.87179495,0.327037527,-158.107689,-22.2124895,0.339980127,-158.0538356,-22.69061733,0.323319514,-158.1906766,-23.31392153,0.308143395,-158.0355704,-23.7172332,0.301304934
-154.7348718,-16.30978542,0.240163822,-158.9126526,-19.71030749,0.276900694,-158.8642235,-20.1898366,0.297275096,-158.8292924,-20.68023134,0.309965813,-158.7403936,-21.13116658,0.313797772,-158.532869,-21.49405633,0.326170766,-158.5510933,-22.02611834,0.326504425,-158.3134294,-22.36660682,0.33944366,-158.2587003,-22.84488603,0.322775031,-158.3943337,-23.46889283,0.307751259,-158.2386168,-23.87213483,0.30093452
-154.9472328,-16.44905681,0.239531075,-159.1227007,-19.86486279,0.27648177,-159.0731438,-20.3443598,0.296763628,-159.0373141,-20.83494845,0.309506197,-158.9476199,-21.2859188,0.313259809,-158.7397449,-21.64873656,0.325643243,-158.7567863,-22.18100344,0.325977615,-158.5187797,-22.52128217,0.338912827,-158.4631752,-22.99971261,0.322236145,-158.5976036,-23.62442401,0.307361693,-158.4412779,-24.02759787,0.300566557
-155.1592638,-16.58888285,0.238912792,-159.3323577,-20.01997702,0.276066329,-159.2816783,-20.49944382,0.296259374,-159.2449361,-20.99021592,0.309053108,-159.1543012,-21.44111186,0.312729101,-158.9462297,-21.80397487,0.325122365,-158.9620938,-22.3364491,0.325457642,-158.7237423,-22.67651743,0.338388466,-158.6672666,-23.1551021,0.32170431,-158.800485,-23.78051398,0.306974781,-158.6435528,-24.18362158,0.300201039
-155.370963,-16.72926284,0.238309062,-159.5416159,-20.17564486,0.275654699,-159.4898247,-20.6550873,0.295762948,-159.4521604,-21.14603521,0.308606892,-159.3602668,-21.59664064,0.312226685,-159.1523263,-21.95977342,0.324609034,-159.1670141,-22.49245425,0.324945027,-158.9283192,-22.8323144,0.337871554,-158.8709771,-23.31105647,0.321180483,-159.0029763,-23.93716151,0.306590605,-158.8454393,-24.34020428,0.299837828
-155.5823284,-16.87019596,0.237719954,-159.7504716,-20.33186357,0.27524721,-159.6975822,-20.81128984,0.295274933,-159.6589935,-21.30241141,0.308168597,-159.5663216,-21.75308918,0.311734763,-159.358037,-22.11613429,0.324104343,-159.371546,-22.64901788,0.324440186,-159.1325111,-22.9886735,0.337362776,-159.0743053,-23.46757468,0.320664868,-159.2050756,-24.09436517,0.30620945,-159.0469344,-24.4973439,0.299477149
-155.7933582,-17.0116814,0.237145479,-159.9589268,-20.4886347,0.274844196,-159.9049513,-20.9680519,0.294796062,-159.8654416,-21.4593492,0.30773965,-159.7719887,-21.91009724,0.311252191,-159.5633625,-22.27305805,0.323609093,-159.5756881,-22.80613895,0.323943461,-159.3363167,-23.14559376,0.33686244,-159.2772478,-23.62465411,0.320157291,-159.4067802,-24.25212346,0.305832176,-159.2480341,-24.65503829,0.299119752
-156.004051,-17.15371832,0.236585415,-160.1669885,-20.64596359,0.274446726,-160.1119323,-21.12537388,0.294327114,-160.0715068,-21.61685045,0.307321022,-159.977267,-22.06766387,0.310779345,-159.7683016,-22.43054375,0.323123626,-159.7794395,-22.96381655,0.323455231,-159.539734,-23.30307356,0.336370698,-159.4798003,-23.78229159,0.319657808,-159.6080836,-24.41043236,0.30546015,-159.4487344,-24.81328531,0.298766488
-156.2144054,-17.29630579,0.236039423,-160.3746629,-20.80385514,0.274056262,-160.3185247,-21.28325551,0.293868659,-160.2771879,-21.77491414,0.306912924,-160.1821551,-22.22578789,0.310316508,-159.9728522,-22.5885897,0.322648088,-159.9827987,-23.12204965,0.322976081,-159.7427602,-23.46111097,0.335887934,-159.6819578,-23.94048402,0.319167144,-159.8089751,-24.56928419,0.305094261,-159.649032,-24.97208327,0.298418234
-156.4244204,-17.43944292,0.235507179,-160.5819526,-20.96231136,0.273673766,-160.5247273,-21.44169572,0.293420979,-160.4824817,-21.93353777,0.306515183,-160.386651,-22.38446782,0.309863981,-160.1770117,-22.74719392,0.322182704,-160.185763,-23.28083695,0.322507107,-159.9453917,-23.61970391,0.335415045,-159.8837155,-24.0992285,0.318686313,-160.0094459,-24.72867242,0.304734796,-159.8489255,-25.13143126,0.298075542
-156.6340946,-17.58312882,0.23498844,-160.7888563,-21.12133129,0.273299404,-160.7305384,-21.60069312,0.29298424,-160.6873844,-22.09271849,0.306127695,-160.5907521,-22.54370188,0.309422502,-160.3807771,-22.90635465,0.32172817,-160.3883264,-23.44017456,0.322049794,-160.1476248,-23.77885035,0.334953089,-160.0850696,-24.25852299,0.318216395,-160.2094956,-24.88859669,0.304381443,-160.0484143,-25.29132897,0.297738751
-156.8434262,-17.72736263,0.234483244,-160.9953709,-21.28091239,0.272932915,-160.935956,-21.76024618,0.29255867,-160.8918923,-22.25245393,0.305750951,-160.7944519,-22.70348594,0.308993451,-160.5841455,-23.06607048,0.321285622,-160.5904782,-23.60005496,0.321605123,-160.349456,-23.9385486,0.334503117,-160.2860184,-24.41836673,0.317758287,-160.4091325,-25.04906341,0.304034786,-160.2468912,-25.45129406,0.297413938
-157.0524134,-17.87214355,0.23399176,-161.2014926,-21.44105178,0.272574091,-161.1409776,-21.92035348,0.292144903,-161.0960018,-22.41274217,0.305386,-160.9977398,-22.86381239,0.308577773,-160.7871133,-23.2263396,0.320856161,-160.7922098,-23.76047167,0.321173418,-160.5508837,-24.09879781,0.33406595,-160.4865623,-24.57876,0.317312565,-160.6083657,-25.2100799,0.303696376,-160.4455638,-25.61230204,0.297105292
-157.261054,-18.01747064,0.233514153,-161.4072176,-21.60174709,0.272223351,-161.3456007,-22.08101385,0.291743912,-161.299709,-22.57358091,0.305033895,-161.2006063,-23.02467441,0.308176047,-160.9896779,-23.38716057,0.32044068,-160.9935206,-23.92142423,0.320754383,-160.7519073,-24.25959767,0.333642086,-160.6867023,-24.73970366,0.316879804,-160.8072,-25.37165012,0.303367632,-160.6438308,-25.77385922,0.296804035
-157.4693461,-18.16334301,0.233050525,-161.6125423,-21.76299633,0.271881654,-161.5498223,-22.24222593,0.29135665,-161.5030104,-22.7349683,0.304695466,-161.4030474,-23.18606892,0.307788546,-161.1918375,-23.54853234,0.320039691,-161.1944184,-24.08291856,0.320348546,-160.9525269,-24.42094814,0.333232009,-160.8864392,-24.90119828,0.316460573,-161.0056351,-25.53377412,0.303049162,-160.8416907,-25.93596455,0.296510543
-157.6772882,-18.3097598,0.232600783,-161.8174626,-21.92479721,0.271549964,-161.7536401,-22.40398849,0.290983896,-161.7059046,-22.89690325,0.304371133,-161.6050671,-23.34799876,0.307415159,-161.3935914,-23.71045429,0.319653501,-161.3949116,-24.24496152,0.31995734,-161.1527421,-24.58284907,0.332836204,-161.0857722,-25.06324347,0.316055312,-161.2036675,-25.69644933,0.302740908,-161.0391417,-26.09861678,0.296225128
-157.884879,-18.45672022,0.232164764,-162.0219753,-22.08714784,0.271229056,-161.9570524,-22.56630058,0.290626021,-161.9083912,-23.05938554,0.304061103,-161.8066754,-23.51047197,0.307056698,-161.5949398,-23.87292643,0.319282492,-161.5950049,-24.40755678,0.319582078,-161.3525521,-24.74529979,0.332455108,-161.2846999,-25.22583818,0.315664281,-161.4012925,-25.85967224,0.30244262,-161.2361819,-26.26181461,0.295948103
-158.0921174,-18.60422364,0.231742335,-162.2260787,-22.25004713,0.27091923,-162.1600584,-22.72916141,0.290283185,-162.1104713,-23.22241583,0.303765688,-162.0078815,-23.67349577,0.306714629,-161.7958823,-24.03594868,0.31892708,-161.7946979,-24.57070445,0.319223316,-161.5519553,-24.90829928,0.332089068,-161.4832204,-25.38898116,0.315287635,-161.5985062,-26.02343983,0.302154266,-161.4328098,-26.42555716,0.295679838
-158.2990024,-18.75226939,0.231333401,-162.4297726,-22.41349487,0.270620595,-162.3626575,-22.89257048,0.289955568,-162.3121453,-23.38599463,0.303485238,-162.2086887,-23.8370731,0.306389952,-161.9964184,-24.19952063,0.318587625,-161.9939876,-24.7344023,0.318880984,-161.7509502,-25.07184645,0.331738362,-161.6813317,-25.55267106,0.314925515,-161.7953063,-26.18775045,0.301876173,-161.6290246,-26.589844,0.295420825
-158.5055324,-18.9008567,0.230937919,-162.6325249,-22.57707169,0.270341274,-162.5648489,-23.05652729,0.289643358,-162.513413,-23.55012178,0.303220003,-162.4090952,-24.00120287,0.306082747,-162.1965469,-24.36364162,0.318264398,-162.1928698,-24.89864723,0.3185548,-161.949535,-25.23594015,0.331403244,-161.879032,-25.71690662,0.314578113,-161.9916918,-26.35260371,0.301608996,-161.8248254,-26.75467474,0.295171633
-158.7117062,-19.0499849,0.230555824,-162.8353863,-22.74163915,0.270093898,-162.7666319,-23.22103116,0.289346733,-162.714273,-23.71479656,0.302970078,-162.6090967,-24.1658818,0.305792531,-162.3962662,-24.52831059,0.317957576,-162.391341,-25.06343646,0.318244646,-162.147708,-25.4005792,0.33108399,-162.0763198,-25.88168687,0.314245684,-162.1876623,-26.51799966,0.301353537,-162.0202107,-26.92004853,0.294932881
-158.9170529,-19.19932108,0.230194573,-163.0378393,-22.90675601,0.269858367,-162.968005,-23.38608133,0.289065821,-162.9147238,-23.88001773,0.302735418,-162.8086885,-24.33110622,0.305518789,-162.5955744,-24.69352626,0.317667287,-162.5887654,-25.2282553,0.317962641,-162.3448078,-25.56522448,0.330790879,-162.2731939,-26.04701124,0.313928567,-162.3832173,-26.68393809,0.30111057,-162.2151772,-27.08596311,0.294705213
-159.1225056,-19.34953778,0.229850508,-163.2398827,-23.07242159,0.269634673,-163.1684025,-23.5512174,0.288805179,-163.114763,-24.04578377,0.302515933,-163.0078672,-24.49687361,0.30526131,-162.7944699,-24.85928749,0.317393654,-162.7863973,-25.394144,0.317705939,-162.5421422,-25.73096568,0.330524152,-162.4696533,-26.21287914,0.313627155,-162.5783551,-26.85041821,0.300880713,-162.4097201,-27.25241465,0.294488985
-159.3275973,-19.5002929,0.229520054,-163.4415147,-23.23863464,0.269422673,-163.3689365,-23.71737621,0.288582174,-163.3137927,-24.21161389,0.302324846,-163.2066311,-24.66318295,0.305020279,-162.9929513,-25.0255935,0.317136862,-162.9836142,-25.56057477,0.317466482,-162.7390608,-25.89724999,0.330274351,-162.6656964,-26.37928979,0.313341856,-162.7730737,-27.01743871,0.300664381,-162.6038346,-27.41939951,0.294284419
-159.5323247,-19.65158435,0.22920327,-163.6427332,-23.40539367,0.269222178,-163.5690559,-23.8840781,0.288375018,-163.5129895,-24.37848425,0.302160666,-163.4049797,-24.83003407,0.304796125,-163.1910173,-25.19244358,0.316897138,-163.1804151,-25.72754732,0.317244775,-162.935562,-26.06407648,0.330041871,-162.8607022,-26.54572075,0.313078531,-162.9673707,-27.18499801,0.300461878,-162.7975176,-27.58691549,0.294091805
-159.7366843,-19.80341012,0.228900134,-163.8435365,-23.57269742,0.269033041,-163.7687595,-24.05132235,0.288183743,-163.7117703,-24.54589671,0.302011866,-163.6029125,-24.99742685,0.304589309,-163.3886666,-25.35983689,0.316674729,-163.3767986,-25.89506081,0.317041166,-163.1316429,-26.23144317,0.329827086,-163.0558972,-26.71322664,0.312845144,-163.1612436,-27.3530944,0.300273476,-162.9907688,-27.75496244,0.29391158
-159.9406742,-19.95576889,0.228610602,-164.0439231,-23.74054509,0.268855236,-163.9680461,-24.21910825,0.288008398,-163.9101337,-24.71385051,0.301878613,-163.8004283,-25.16536072,0.304400167,-163.5858972,-25.52777233,0.316469854,-163.5727625,-26.06311392,0.316855798,-163.3272992,-26.39934685,0.329630118,-163.2506701,-26.88127188,0.312628808,-163.3546896,-27.52172598,0.300099384,-163.1835891,-27.92354181,0.293744459
-160.1442934,-20.10866018,0.22833456,-164.243892,-23.90893601,0.268688827,-164.1669141,-24.38743484,0.28784906,-164.1080781,-24.88234463,0.301761051,-163.9975251,-25.33383454,0.304228809,-163.7827071,-25.69624858,0.316282645,-163.7683046,-26.23170513,0.316688694,-163.5225271,-26.56778454,0.329450933,-163.4450188,-27.04985488,0.312429731,-163.5477064,-27.69089112,0.299939777,-163.3759801,-28.09265503,0.293591141
-160.3475421,-20.26208424,0.228072008,-164.4434418,-24.07786943,0.268533913,-164.3653607,-24.55630012,0.287705823,-164.3056014,-25.05137777,0.301659218,-164.1942009,-25.50284689,0.30407516,-163.9784707,-25.86475104,0.31613091,-163.9634224,-26.40083274,0.316539832,-163.7173246,-26.73675484,0.329289512,-163.6389401,-27.21897358,0.312248019,-163.7397072,-27.86007504,0.299796255,-163.5679417,-28.26230219,0.293451882
-160.5504203,-20.41604125,0.227823011,-164.6425709,-24.24734445,0.268390576,-164.5633818,-24.72570096,0.287578551,-164.5027016,-25.22094855,0.301573079,-164.3904535,-25.67239636,0.303939062,-164.174419,-26.03432098,0.316002641,-164.1581132,-26.57049487,0.316409111,-163.9116913,-26.90625804,0.329146079,-163.8324318,-27.38862622,0.3120837,-163.9318517,-28.0303157,0.299682816,-163.7594728,-28.43248194,0.293326505
-160.7529274,-20.57053083,0.22758751,-164.8412777,-24.41736,0.268258828,-164.7609735,-24.89563437,0.287466973,-164.6993766,-25.39105572,0.301502577,-164.5862805,-25.8424814,0.303820337,-164.3699386,-26.20442617,0.315892417,-164.3523747,-26.74068993,0.316296367,-164.105628,-27.07629492,0.329020978,-164.025492,-27.55881146,0.311936617,-164.1235629,-28.20108607,0.299583375,-163.9505712,-28.60319225,0.293214671
-160.955062,-20.72555191,0.227365188,-165.0395603,-24.58791497,0.268138625,-164.9581333,-25.06609847,0.287370858,-164.8956243,-25.56169786,0.301447671,-164.7810952,-26.01259444,0.303722024,-164.5650238,-26.37506216,0.315800076,-164.5462054,-26.91141681,0.316201279,-164.2991346,-27.24686577,0.328914293,-164.2181196,-27.72952801,0.311806389,-164.314839,-28.37238444,0.299497709,-164.1412341,-28.77443077,0.293116277
-161.1568227,-20.8811032,0.227155634,-165.2374168,-24.75900818,0.268029899,-165.1548602,-25.2370929,0.287290074,-165.0914424,-25.73287329,0.301408253,-164.9760496,-26.18376225,0.30366128,-164.7596698,-26.54622498,0.315725195,-164.7396042,-27.08267421,0.316123299,-164.4922104,-27.41796962,0.328825654,-164.4103137,-27.90077476,0.311692638,-164.5056782,-28.54420955,0.299426044,-164.3314589,-28.94619578,0.293031725
-161.3582076,-21.03718328,0.226958464,-165.4348452,-24.93063821,0.26793258,-165.3511549,-25.40861851,0.287224693,-165.2868289,-25.90458052,0.301384076,-165.1705721,-26.35546103,0.303616779,-164.9538742,-26.71791215,0.315667086,-164.9325696,-27.25446071,0.316061824,-164.6848537,-27.58960486,0.328754474,-164.6020727,-28.07255036,0.311595065,-164.6960791,-28.71656125,0.299368934,-164.5212431,-29.11848613,0.292961637
-161.5592144,-21.19379044,0.226773665,-165.6318429,-25.10280332,0.267846532,-165.5470179,-25.58067609,0.287174766,-165.4817821,-26.07681823,0.301374639,-165.3646615,-26.52768945,0.303587773,-165.1476376,-26.89012397,0.315625061,-165.1251002,-27.42677482,0.316016323,-164.8770624,-27.76176944,0.328700188,-164.7933947,-28.24485339,0.311513796,-164.8860413,-28.88944004,0.299327022,-164.7105847,-29.29130096,0.292906613
-161.7598368,-21.35092057,0.226602109,-165.8284077,-25.27550187,0.267771504,-165.7424492,-25.75326549,0.287139956,-165.6763011,-26.24958507,0.301379311,-165.5583168,-26.70044627,0.303573574,-165.3409633,-27.06286309,0.315598897,-165.3171936,-27.59961477,0.315986693,-165.0688339,-27.93446143,0.328662635,-164.9842759,-28.41768144,0.311449332,-165.0755645,-29.0628466,0.299300821,-164.8994829,-29.46463975,0.292866827
-161.9600645,-21.50856619,0.226444424,-166.0245382,-25.44873249,0.267706994,-165.9374474,-25.92638538,0.287119554,-165.8703846,-26.42287982,0.301397477,-165.7515364,-26.87373003,0.30357366,-165.5338537,-27.23613166,0.315588826,-165.5088456,-27.77297771,0.315973318,-165.2601656,-28.10767966,0.328642046,-165.1747105,-28.59103027,0.311401869,-165.2646481,-29.23678031,0.299290202,-165.0879368,-29.63850154,0.292841978
-162.1598882,-21.66672063,0.226300845,-166.220233,-25.62249377,0.267652405,-166.1320108,-26.10003392,0.287112711,-166.0640308,-26.59670096,0.3014288,-165.9443184,-27.04753974,0.303587995,-165.7263084,-27.40993021,0.315595318,-165.70005,-27.94685872,0.315976309,-165.4510556,-28.28142308,0.328638699,-165.364694,-28.76489619,0.311371244,-165.45329,-29.41123896,0.299294656,-165.2759455,-29.81288518,0.29283163
-162.3593041,-21.82538117,0.226171346,-166.4154908,-25.79678426,0.267607126,-166.3261371,-26.27420914,0.287118756,-166.2572363,-26.77104591,0.301473427,-166.1366615,-27.22187512,0.303616727,-165.9183245,-27.58425715,0.315618486,-165.890801,-28.12125341,0.315995447,-165.6415021,-28.45569095,0.328652662,-165.5542238,-28.93927692,0.311356844,-165.6414871,-29.58621935,0.299313494,-165.4635081,-29.98778942,0.292835387
-162.5583166,-21.98455095,0.226055135,-166.6103098,-25.97160236,0.267570771,-166.5198239,-26.44890939,0.287137525,-166.4499956,-26.94591078,0.30153142,-166.3285649,-27.39673637,0.303660047,-166.1098981,-27.75910988,0.315658082,-166.0810964,-28.29615951,0.316030071,-165.8315042,-28.63048244,0.328683489,-165.7433009,-29.11417279,0.311357877,-165.8292359,-29.76171823,0.299346136,-165.6506227,-30.16321286,0.29285313
-162.7569359,-22.14423805,0.225952057,-166.8046859,-26.14694514,0.26754355,-166.7130688,-26.62413365,0.287169126,-166.6423039,-27.12129196,0.301602676,-166.5200281,-27.57212369,0.303717942,-166.3010264,-27.93448614,0.315713457,-166.2709375,-28.471578,0.316079265,-166.021061,-28.80579628,0.328730425,-165.931929,-29.28958673,0.311374028,-166.0165343,-29.93773406,0.299392453,-165.837288,-30.33915494,0.2928849
-162.9551706,-22.30444942,0.225862676,-166.9981056,-26.32236767,0.267540476,-166.90587,-26.79988094,0.287213698,-166.8341588,-27.29718756,0.30168679,-166.7110496,-27.74803567,0.303789846,-166.4917076,-28.11038402,0.315783673,-166.4603295,-28.64751301,0.316142661,-166.2101714,-28.98163127,0.328792704,-166.1201107,-29.46552127,0.311405391,-166.2033816,-30.1142668,0.29945264,-166.0235036,-30.5156158,0.292930834
-163.1530238,-22.46518758,0.225787215,-167.1915602,-26.49876751,0.267561405,-167.0982259,-26.97615045,0.287271072,-167.0255611,-27.47359813,0.30178299,-166.9016268,-27.92446948,0.303874833,-166.6819411,-28.28680252,0.315867956,-166.6492764,-28.82396819,0.316220364,-166.3988343,-29.15798614,0.328869738,-166.3078471,-29.64197789,0.311452135,-166.3897775,-30.29131676,0.299526992,-166.2092687,-30.69259546,0.292991063
-163.3504933,-22.62645103,0.225725172,-167.3845583,-26.6756818,0.267591271,-167.2901358,-27.15294129,0.287340535,-167.2165142,-27.6505262,0.301890807,-167.0917568,-28.10142215,0.303971922,-166.8717263,-28.46374101,0.31596575,-166.8377791,-29.0009447,0.316312522,-166.5870483,-29.3348602,0.328961231,-166.495138,-29.81895701,0.311514267,-166.5757212,-30.46888383,0.299615698,-166.394582,-30.87009319,0.293065594
-163.5475746,-22.78823635,0.225675614,-167.577101,-26.8531111,0.267629329,-167.4815987,-27.33025228,0.287421248,-167.4070209,-27.82797405,0.302009994,-167.281437,-28.27889126,0.304080435,-167.0610624,-28.64119871,0.316076794,-167.0258361,-29.17844201,0.3164189,-166.774813,-29.51225364,0.329067087,-166.6819815,-29.99645769,0.311591554,-166.7612109,-30.6469667,0.299718725,-166.5794403,-31.04810638,0.293154343
-163.7442632,-22.95054001,0.225637643,-167.7691922,-27.03105859,0.267675265,-167.6726138,-27.50808222,0.28751237,-167.5970815,-28.00594211,0.302140385,-167.4706657,-28.4568758,0.304200134,-167.2499484,-28.81917545,0.31620094,-167.2134454,-29.35645872,0.316539026,-166.9621278,-29.69016649,0.329187231,-166.868375,-30.17447794,0.31168362,-166.9462435,-30.82556298,0.29983579,-166.7638384,-31.22663056,0.293256907
-163.9405559,-23.11335957,0.225610678,-167.9608353,-27.20952703,0.267729051,-167.8626362,-27.68594994,0.287634372,-167.7866948,-28.18442983,0.302281718,-167.6594424,-28.63537571,0.304331021,-167.4383839,-28.99767139,0.316338064,-167.4006043,-29.53499293,0.31667243,-167.1489911,-29.86859799,0.329321487,-167.0543139,-30.35301401,0.311790089,-167.1308162,-31.00467022,0.299966456,-166.947772,-31.40566163,0.293372626
-164.1364512,-23.27669406,0.22559449,-168.1520309,-27.38851712,0.267790647,-168.0527324,-27.86483212,0.287772762,-167.9758593,-28.36343654,0.302433659,-167.8477663,-28.814391,0.30447313,-167.626368,-29.17668638,0.316487989,-167.5873086,-29.71404118,0.316818737,-167.3353997,-30.04754553,0.329469556,-167.2397924,-30.53206061,0.311910387,-167.3149269,-31.18428653,0.300110175,-167.1312391,-31.58519773,0.293500744
-164.331949,-23.44054358,0.225589121,-168.342778,-27.56802848,0.267859897,-168.2423749,-28.04422907,0.287920554,-168.164003,-28.54244911,0.302618098,-168.0356364,-28.9939212,0.304626362,-167.8138993,-29.35621953,0.316650414,-167.7735524,-29.89359829,0.316977394,-167.5213486,-30.22700461,0.32963082,-167.4248054,-30.71161324,0.312043891,-167.498574,-31.36441053,0.300266384,-167.3142402,-31.76523928,0.29364084
-164.5270492,-23.6049083,0.225594706,-168.5330751,-27.7480603,0.267936545,-168.4315618,-28.22413948,0.288077469,-168.3522471,-28.72250784,0.302817002,-168.2230509,-29.17396495,0.304790456,-168.0009744,-29.5362681,0.316824956,-167.9593308,-30.07365973,0.317147796,-167.7068329,-30.40697105,0.32980455,-167.6093504,-30.89166961,0.312189965,-167.6817569,-31.54504131,0.300434605,-167.4967765,-31.94578741,0.293792748
-164.7217509,-23.76978789,0.225611327,-168.7229202,-27.92861144,0.268020352,-168.6202913,-28.40456215,0.288243175,-168.540035,-28.90308014,0.303025743,-168.4100071,-29.35452017,0.304964999,-168.1875881,-29.7168276,0.317010937,-168.1446412,-30.25422312,0.317329319,-167.89185,-30.58744235,0.329989969,-167.7934278,-31.07222979,0.312348042,-167.8644745,-31.72617801,0.300614433,-167.6788483,-32.12684253,0.293956342
-164.9160525,-23.93518135,0.225638952,-168.9123112,-28.10968039,0.268111139,-168.808562,-28.585496,0.288417313,-168.7273613,-29.08416121,0.303243814,-168.5965025,-29.53558477,0.305149501,-168.3737361,-29.89789396,0.317207471,-168.3288911,-30.43473052,0.317537443,-168.0763998,-30.76841817,0.330186381,-167.9770394,-31.25329564,0.312517845,-168.0467257,-31.90781963,0.300805522,-167.859908,-32.30786658,0.294137916
-165.1099519,-24.10108722,0.225677399,-169.1012445,-28.29126407,0.268208804,-168.9963723,-28.7669401,0.288599573,-168.9142214,-29.2657468,0.303470547,-168.7825353,-29.71715711,0.305343353,-168.5594164,-30.07946535,0.317413598,-168.5132542,-30.61631508,0.317762162,-168.2598695,-30.94931115,0.330405341,-168.1601868,-31.43486876,0.312699206,-168.2285093,-32.08996527,0.301007509,-168.0410366,-32.48994476,0.294341768
-165.3034468,-24.26750396,0.2257264,-169.2897146,-28.47335774,0.268313007,-169.1837213,-28.94889364,0.288789625,-169.1006125,-29.44783435,0.303705199,-168.9681043,-29.89923589,0.305545949,-168.7446296,-30.26154221,0.317628707,-168.6971541,-30.79840617,0.317996924,-168.443474,-31.13131339,0.330644741,-168.34287,-31.61694925,0.312891832,-168.409824,-32.27261411,0.301220029,-168.2216971,-32.67252735,0.294556181
-165.4965352,-24.43443022,0.225785672,-169.477717,-28.65595713,0.268423253,-169.3706076,-29.13135556,0.288986978,-169.2865346,-29.63042365,0.303947124,-169.1532083,-30.08182013,0.305756758,-168.9287973,-30.44355804,0.317856228,-168.880591,-30.98100417,0.318241413,-168.6266133,-31.31382249,0.330894285,-168.5250878,-31.79953631,0.313095146,-168.5906688,-32.4557652,0.301442701,-168.4018875,-32.85561274,0.294780604
-165.689215,-24.60186458,0.225854978,-169.665249,-28.83905978,0.268538981,-169.55703,-29.31432459,0.289191018,-169.4719896,-29.81351642,0.304196019,-169.3378466,-30.26490888,0.30597532,-169.1130625,-30.62666422,0.318113392,-169.0635636,-31.16410819,0.318495025,-168.8092862,-31.49683764,0.33115347,-168.7068387,-31.98262879,0.313308464,-168.7710421,-32.6394174,0.301675101,-168.581606,-33.03919928,0.295014508
-165.881484,-24.76980543,0.225934054,-169.8523107,-29.02266555,0.268659704,-169.7429872,-29.49779942,0.289401138,-169.6569789,-29.99711415,0.304451738,-169.5220178,-30.44850107,0.306201277,-169.2968612,-30.81027692,0.318378627,-169.2460701,-31.34771669,0.318756994,-168.9914911,-31.68035763,0.331421688,-168.888121,-32.16622535,0.313531106,-168.9509425,-32.82356932,0.301916774,-168.7608508,-33.22328542,0.295257424
-166.0733402,-24.93825128,0.226022572,-170.0389038,-29.2067761,0.26878525,-169.9284778,-29.68177867,0.289616793,-169.8415029,-30.18121741,0.304714035,-169.7051628,-30.63205215,0.306445277,-169.4801923,-30.99439531,0.318651431,-169.4281084,-31.53182797,0.319026559,-169.1732264,-31.86438105,0.331698333,-169.0683588,-32.34975153,0.31377064,-169.1303683,-33.00821953,0.302167262,-168.9396201,-33.40786956,0.295509021
-166.2647821,-25.10720089,0.226120015,-170.2250299,-29.39139299,0.268915581,-170.1135003,-29.86626103,0.289837556,-170.0255607,-30.36582577,0.304982475,-169.888379,-30.81666471,0.306710717,-169.6630542,-31.17901808,0.318931235,-169.6096767,-31.71644031,0.319303027,-169.3544903,-32.04890637,0.33198282,-169.2486848,-32.53436433,0.314030988,-169.3093175,-33.19336644,0.302426247,-169.1179109,-33.59294915,0.295769189
-166.4558086,-25.276653,0.226225808,-170.4106894,-29.57651687,0.269050559,-170.2980534,-30.05124551,0.290063059,-170.2091508,-30.55093785,0.305256461,-170.0711245,-31.00177805,0.306982607,-169.8454451,-31.36414368,0.319217441,-169.7907732,-31.90155231,0.319585819,-169.535281,-32.23393209,0.332274632,-169.4285369,-32.71947662,0.314299027,-169.4877873,-33.37900774,0.302693578,-169.2957187,-33.77852022,0.296037636
-166.6464185,-25.44660623,0.226339397,-170.5958819,-29.76214755,0.269189887,-170.4821361,-30.23673134,0.290293001,-170.392271,-30.73655176,0.305535325,-170.2533979,-31.18739103,0.307260583,-170.0273633,-31.54977056,0.319509476,-169.9713967,-32.0871629,0.319874497,-169.715597,-32.41945676,0.332573324,-169.6079132,-32.90508682,0.314574477,-169.6657741,-33.56514018,0.302968973,-169.4730397,-33.96457912,0.296313938
-166.8366103,-25.61705924,0.226460337,-170.7806058,-29.94828391,0.269333121,-170.6657474,-30.42271779,0.290527098,-170.5749191,-30.92266567,0.305818436,-170.4351979,-31.37350231,0.307544262,-170.2088071,-31.73589745,0.319806874,-170.1515459,-32.27327102,0.320168774,-169.8954363,-32.60547886,0.332878611,-169.7868101,-33.09119203,0.314857282,-169.8432746,-33.75176073,0.303252063,-169.6498715,-34.15112375,0.296597623
-167.0263823,-25.78801085,0.226588606,-170.9643701,-30.13445659,0.269499392,-170.8488861,-30.60920395,0.290765024,-170.7570937,-31.10927813,0.306105312,-170.6165226,-31.56011042,0.307833271,-170.3897753,-31.92252316,0.320109287,-170.3312189,-32.45987545,0.320468507,-170.074796,-32.79199585,0.333190403,-169.9652228,-33.27778747,0.315147104,-170.0202866,-33.93886753,0.303542328,-169.8262138,-34.33815394,0.29688814
-167.2157332,-25.95946083,0.226724348,-171.1481297,-30.32161888,0.269679821,-171.031551,-30.79618878,0.291006443,-170.9387932,-31.296388,0.306395626,-170.7973702,-31.74721378,0.308127369,-170.570266,-32.10964637,0.320416575,-170.5104138,-32.64697462,0.32077353,-170.2536716,-32.97900374,0.333508396,-170.1431464,-33.46486881,0.315443442,-170.1962673,-34.12588705,0.303841673,-170.0020684,-34.52567131,0.297185215
-167.4046628,-26.13140971,0.226867831,-171.3314143,-30.50928127,0.269862793,-171.2137409,-30.98367108,0.291251026,-171.1200162,-31.48399403,0.30668928,-170.977738,-31.93481013,0.308426503,-170.7502761,-32.29726439,0.320728738,-170.6891284,-32.83456691,0.321083613,-170.4320593,-33.16649885,0.333832148,-170.3205786,-33.65243351,0.315745697,-170.3722893,-34.31397802,0.304164655,-170.1774364,-34.71367731,0.297488678
-167.5931707,-26.30385784,0.227019292,-171.5142224,-30.69744224,0.270048054,-171.3954537,-31.17164938,0.291498582,-171.3007595,-31.67209359,0.306986339,-171.1576223,-32.12289624,0.3087305,-170.9298007,-32.48537266,0.321045487,-170.867361,-33.02265093,0.321398408,-170.6099567,-33.35447902,0.334161131,-170.4975193,-33.84048163,0.316053287,-170.547824,-34.50255646,0.304493695,-170.352318,-34.90217203,0.29779811
-167.7812563,-26.47680475,0.227178441,-171.6965522,-30.8861004,0.270235585,-171.5766866,-31.36012108,0.29174909,-171.4810183,-31.86068222,0.30728659,-171.33702,-32.31146918,0.309039086,-171.1088356,-32.67396707,0.321366279,-171.0451098,-33.21122493,0.32171745,-170.7873637,-33.54294402,0.334494803,-170.6739709,-34.02901557,0.316366029,-170.7228712,-34.69162198,0.304828288,-170.5267122,-35.09115434,0.298112746
-167.9689177,-26.65024842,0.227344766,-171.8784006,-31.07525301,0.270425587,-171.7574353,-31.54908232,0.292002362,-171.6607881,-32.04975566,0.307589637,-171.515929,-32.50052708,0.309351898,-171.2873791,-32.86304607,0.321690462,-171.2223729,-33.40028683,0.322040209,-170.9642818,-33.73189547,0.334832935,-170.8499354,-34.21803753,0.31668388,-170.8974297,-34.88117333,0.305167693,-170.7006177,-35.28062266,0.298431727
-168.156152,-26.82418575,0.227517602,-172.0597626,-31.26489546,0.270617969,-171.9371776,-31.73800497,0.292272077,-171.8400665,-32.2393114,0.307894966,-171.694349,-32.69006951,0.309668529,-171.4654323,-33.05261075,0.322017736,-171.3991484,-33.58983468,0.322366144,-171.1407123,-33.92133481,0.335175397,-171.0254134,-34.40754796,0.317006499,-171.0714981,-35.07120874,0.30551112,-170.8740326,-35.47057502,0.298754395
-168.3429563,-26.99861381,0.227696319,-172.2406336,-31.45502341,0.270812455,-172.1169277,-31.92795425,0.29255912,-172.0188535,-32.4293494,0.308202112,-171.8722807,-32.88009732,0.309988799,-171.642997,-33.24266291,0.32234811,-171.575435,-33.77986692,0.322694677,-171.3166554,-34.11126212,0.335521819,-171.200404,-34.59754588,0.31733317,-171.2450738,-35.26172566,0.305858187,-171.046954,-35.6610091,0.299080762
-168.5291294,-27.17334465,0.22788112,-172.4210111,-31.64563434,0.271008675,-172.2961872,-32.11838706,0.292847967,-172.1971508,-32.61987166,0.308510982,-172.0497249,-33.07061126,0.310312589,-171.8200738,-33.43320332,0.32268147,-171.7512317,-33.97038255,0.323025233,-171.4921101,-34.30167615,0.335871527,-171.3749057,-34.78802973,0.317663095,-171.4181507,-35.4527185,0.306209342,-171.2193757,-35.85191918,0.299411469
-168.714842,-27.34855428,0.228084633,-172.6008954,-31.83672843,0.271206268,-172.4749574,-32.30930469,0.293138559,-172.374419,-32.81031631,0.308833868,-172.2266813,-33.26161106,0.310639581,-171.9966625,-33.62423153,0.323017364,-171.9265384,-34.1613811,0.323357349,-171.6670748,-34.49257508,0.33622375,-171.5489161,-34.97899694,0.317995935,-171.5907188,-35.64417727,0.306564655,-171.3912872,-36.04329478,0.29974664
-168.9003367,-27.52445621,0.228294885,-172.7802889,-32.02830825,0.271405291,-172.6532394,-32.50070836,0.293430933,-172.5517219,-33.00182828,0.309173902,-172.403149,-33.45309547,0.310969214,-172.1727619,-33.81574624,0.32335515,-172.1013543,-34.35286195,0.323690768,-171.8415467,-34.68395625,0.336578129,-171.7224283,-35.17044112,0.31833215,-171.7627694,-35.83609313,0.306923919,-171.56268,-36.23512703,0.300085699
-169.0853969,-27.70084655,0.22851134,-172.9591939,-32.22037623,0.271605961,-172.8310332,-32.69259801,0.293724902,-172.7285365,-33.19382563,0.309514934,-172.5791267,-33.64506291,0.311300863,-172.3483704,-34.00774567,0.32369419,-172.2756776,-34.54482365,0.324025782,-172.0155195,-34.87581355,0.336935101,-171.8954313,-35.36235111,0.318671853,-171.9342989,-36.02846216,0.307286648,-171.733554,-36.42741519,0.300427309
-169.2700211,-27.87772444,0.228734079,-173.1376109,-32.41293294,0.271808207,-173.0083378,-32.88497245,0.294019998,-172.9048613,-33.38630661,0.309856298,-172.7546119,-33.83751106,0.311634282,-172.5234852,-34.20022716,0.324034437,-172.4495034,-34.73726222,0.324363005,-172.1889832,-35.06813699,0.337294838,-172.0679152,-35.55471684,0.319014914,-172.1053106,-36.22128753,0.307651822,-171.9039163,-36.62016693,0.300771044
-169.4542073,-28.05508811,0.228963011,-173.315539,-32.60597722,0.27201156,-173.1851518,-33.07782995,0.294315668,-173.0806935,-33.57926856,0.31019773,-172.9295985,-34.03043402,0.311969981,-172.6980997,-34.39318463,0.324376541,-172.6228241,-34.9301703,0.324702622,-172.3619288,-35.26091761,0.33765733,-172.239876,-35.74753397,0.319360922,-172.2758135,-36.41457878,0.308019385,-172.0737756,-36.8133913,0.301117531
-169.6379529,-28.23293554,0.22919793,-173.4929764,-32.79950701,0.272215376,-173.3614726,-33.27116796,0.294611713,-173.256027,-33.77270554,0.31053981,-173.1040767,-34.22382193,0.312308181,-172.8722035,-34.58660759,0.324720746,-172.7956333,-35.12354141,0.32504432,-172.5343527,-35.45415151,0.338022284,-172.4113177,-35.94080632,0.319708967,-172.4458155,-36.60834453,0.308389974,-172.2431363,-37.0070933,0.301467244
-169.8212562,-28.41126512,0.229438561,-173.6699204,-32.99351947,0.272419369,-173.5372942,-33.46498064,0.294908692,-173.4308512,-33.96660708,0.310882758,-173.2780375,-34.41766585,0.312648892,-173.0457873,-34.78048663,0.325067022,-172.9679302,-35.31737442,0.325387172,-172.7062585,-35.64784228,0.338388877,-172.5822504,-36.13454459,0.320059166,-172.6153199,-36.80258836,0.308763724,-172.4119989,-37.20127361,0.301819782
-170.0041156,-28.59007553,0.229684511,-173.846364,-33.188008,0.272624089,-173.7126068,-33.65925817,0.295206915,-173.605157,-34.16096384,0.311226557,-173.4514771,-34.6119618,0.312991876,-173.2188476,-34.97481756,0.325414876,-173.1391636,-35.51104959,0.325733845,-172.8776552,-35.84199937,0.338757191,-172.7526828,-36.32875847,0.320412413,-172.7843259,-36.99730944,0.309139834,-172.5803616,-37.39593014,0.302174108
-170.1865304,-28.76936582,0.229935427,-174.0222967,-33.38296185,0.272829839,-173.8874015,-33.85399168,0.295506476,-173.7789407,-34.35577181,0.311570959,-173.6243992,-34.80671331,0.313336332,-173.3908329,-35.16898415,0.325768116,-173.3104323,-35.70583366,0.326102908,-173.0485508,-36.03663138,0.339127957,-172.9226187,-36.52345212,0.320769044,-172.9528305,-37.19250452,0.309517029,-172.7482213,-37.59105942,0.302529066
-170.3684998,-28.94913512,0.230191013,-174.1977091,-33.5783715,0.273036769,-174.0616747,-34.04917735,0.295807257,-173.9522059,-34.55103448,0.311915187,-173.7968127,-35.00192977,0.313682335,-173.5628445,-35.36425114,0.326143776,-173.4812002,-35.90109133,0.326473563,-173.2183722,-36.23108535,0.339503613,-173.0920575,-36.71862481,0.321128327,-173.12083,-37.3881696,0.309894241,-172.9155742,-37.78665785,0.302884046
-170.5500225,-29.1293824,0.230451014,-174.372597,-33.77423277,0.273244842,-174.2354298,-34.24481857,0.296108627,-174.1249621,-34.74676196,0.312259453,-173.9681962,-35.19702242,0.314034005,-173.7343536,-35.55999214,0.326521253,-173.6514673,-36.0968227,0.326845669,-173.3882548,-36.42668676,0.339902521,-173.2609961,-36.91427333,0.321489004,-173.2883209,-37.58430122,0.31027112,-173.0824176,-37.98272325,0.303239017
-170.7310977,-29.31010682,0.230715232,-174.5464962,-33.97004702,0.273469925,-174.4086757,-34.44092468,0.296410787,-174.2972177,-34.94296339,0.312604687,-174.1395924,-35.39320505,0.314411561,-173.9053637,-35.75621106,0.32690097,-173.8212322,-36.29302609,0.327218674,-173.5576359,-36.62276289,0.340302391,-173.4294309,-37.11039362,0.321849989,-173.4552993,-37.78089605,0.310647929,-173.24875,-38.17925488,0.303594351
-170.9117244,-29.49130769,0.230983506,-174.7203308,-34.16684955,0.273710836,-174.5814202,-34.63750417,0.296714573,-174.4689762,-35.13964265,0.312951285,-174.31049,-35.58986376,0.314791046,-174.075874,-35.95290725,0.327282321,-173.9904922,-36.48969868,0.327591943,-173.726512,-36.81930982,0.340702224,-173.5973581,-37.30698222,0.322210937,-173.621761,-37.97794998,0.311024932,-173.4145705,-38.3762526,0.303950485
-171.0919016,-29.67298421,0.23125569,-174.8936634,-34.36412737,0.273953469,-174.7536665,-34.83456054,0.297020329,-174.6402369,-35.33679898,0.313298649,-174.4808864,-35.78699542,0.315171333,-174.2458819,-36.15007766,0.327664223,-174.1592444,-36.68683752,0.327965256,-173.8948799,-37.01632455,0.341101726,-173.7647756,-37.50403744,0.322572067,-173.787703,-38.17545993,0.31140206,-173.5798788,-38.5737161,0.304307403
-171.271628,-29.85513536,0.231531607,-175.0664976,-34.56188449,0.274198258,-174.9254139,-35.03209296,0.2973275,-174.8109968,-35.53442909,0.313645666,-174.650778,-35.98459603,0.315551405,-174.4153836,-36.3477184,0.328045811,-174.3274853,-36.88443946,0.328338928,-174.0627373,-37.21380551,0.341501136,-173.9316819,-37.7015589,0.322933945,-173.9531244,-38.37342488,0.311778893,-173.7446731,-38.77164326,0.304664811
-171.4509022,-30.03775987,0.231811022,-175.2388329,-34.76012028,0.274444637,-175.0966597,-35.23009837,0.297635063,-174.9812523,-35.73252895,0.313991356,-174.8201614,-36.18266243,0.315930905,-174.5843763,-36.54582689,0.328426915,-174.4952107,-37.0825006,0.328713268,-174.2300832,-37.41175235,0.341900976,-174.0980767,-37.89954662,0.323297054,-174.1180264,-38.57184584,0.312155165,-173.9084357,-38.96942356,0.305031543
-171.6297227,-30.2208564,0.232093682,-175.4106664,-34.9588317,0.274691527,-175.2674004,-35.42857302,0.297942073,-175.1509998,-35.93109515,0.314335409,-174.9890346,-36.38119308,0.316310065,-174.7528581,-36.74440208,0.328807901,-174.6624175,-37.28101791,0.329088471,-174.396917,-37.6101652,0.342301712,-174.2634163,-38.09736132,0.323668372,-174.2824102,-38.77072414,0.312530771,-174.0721783,-39.16827702,0.305407881
-171.808088,-30.40442359,0.232379347,-175.5819947,-35.15801481,0.274937965,-175.4376328,-35.62751371,0.298248228,-175.3202373,-36.1301262,0.314678088,-175.1573963,-36.58018767,0.316689414,-174.9208281,-36.94344387,0.329189372,-174.8291041,-37.47998966,0.329464439,-174.5632372,-37.80904244,0.342703316,-174.4287667,-38.29628794,0.324055891,-174.4462756,-38.97005997,0.312905653,-174.2353981,-39.36758392,0.305783116
-171.9859965,-30.58846003,0.232667911,-175.7528143,-35.35766632,0.275183616,-175.6069603,-35.82645546,0.298553993,-175.4889638,-36.32962204,0.315020023,-175.3252463,-36.77964646,0.317069421,-175.0882858,-37.14295216,0.329571713,-174.9952705,-37.67941558,0.329840908,-174.7290411,-38.0083806,0.343105286,-174.5935984,-38.49567222,0.324443473,-174.6096218,-39.16985256,0.313279633,-174.398094,-39.56734341,0.306157152
-172.1634457,-30.77296361,0.232959489,-175.9231231,-35.5577846,0.275428779,-175.7760555,-36.02623207,0.298889318,-175.6571789,-36.52958297,0.315361815,-175.492584,-36.97956898,0.317450096,-175.2552296,-37.34292498,0.329954842,-175.1609178,-37.87929686,0.330217819,-174.8943257,-38.20817594,0.343506931,-174.7579089,-38.69551129,0.324830604,-174.7724472,-39.37010051,0.313652393,-174.5602657,-39.76755551,0.306530013
-172.340432,-30.95793116,0.233254091,-176.0929199,-35.75836922,0.27567408,-175.9447324,-36.22658379,0.299225773,-175.8248817,-36.73000785,0.315703558,-175.6594076,-37.17995304,0.317831115,-175.4216565,-37.54335864,0.330338257,-175.3260467,-38.07963436,0.330595249,-175.0590884,-38.40842552,0.343907715,-174.9216967,-38.89580386,0.32521709,-174.9347499,-39.57080206,0.314023487,-174.7219131,-39.96822005,0.306901426
-172.5169523,-31.14335975,0.233551596,-176.262204,-35.95942032,0.275920102,-176.1128971,-36.42740001,0.299563082,-175.9920693,-36.93089331,0.316044817,-175.8257141,-37.38079502,0.318211852,-175.5875633,-37.7442493,0.330721308,-175.4906569,-38.28042806,0.330973286,-175.2233278,-38.60912805,0.344307423,-175.0849614,-39.09654969,0.325602924,-175.0965289,-39.77195546,0.314392102,-174.8830358,-40.16933588,0.307270688
-172.6930048,-31.32924765,0.233851747,-176.4309751,-36.1609375,0.276167003,-176.2805477,-36.62867843,0.299900985,-176.1585092,-37.13195826,0.31638491,-175.9915006,-37.58209123,0.318591654,-175.7529475,-37.94559412,0.331103563,-175.6547474,-38.48167716,0.331351909,-175.3870435,-38.81028326,0.344706051,-175.2477026,-39.29774892,0.325988075,-175.257783,-39.97355882,0.31475734,-175.0436331,-40.37090143,0.307637033
-172.8685893,-31.51559461,0.234154163,-176.5992312,-36.36291853,0.276414559,-176.4476811,-36.83041507,0.300238878,-176.324357,-37.33343016,0.316750632,-176.1567647,-37.78383936,0.318970109,-175.9178077,-38.14739174,0.33148487,-175.8183165,-38.68338012,0.331730947,-175.550235,-39.01189112,0.345103585,-175.4099202,-39.49940096,0.326372092,-175.4185115,-40.17561051,0.315118447,-175.2037031,-40.5729143,0.307999919
-173.0437067,-31.70240165,0.23445861,-176.7669692,-36.56535958,0.276662192,-176.6142938,-37.03260587,0.300576089,-176.4899623,-37.53569501,0.317116052,-176.3215056,-37.98603856,0.319347073,-176.0821432,-38.34964171,0.331865241,-175.9813627,-38.88553515,0.332109934,-175.7129022,-39.21395124,0.345499632,-175.5716133,-39.7015043,0.326754188,-175.5781998,-40.37747048,0.31548184,-175.3632433,-40.77537208,0.308359741
-173.2183579,-31.88966961,0.234764946,-176.934186,-36.76825679,0.276909253,-176.7803837,-37.23524841,0.300912228,-176.6550447,-37.73841194,0.317479605,-176.4857225,-38.1886886,0.319722515,-176.2459535,-38.55234379,0.332244587,-176.1438847,-39.08814019,0.332488122,-175.8750443,-39.41646219,0.345893437,-175.7327811,-39.90405712,0.327133587,-175.7378504,-40.58041741,0.315857005,-175.5222485,-40.97827019,0.30871767
-173.3925427,-32.07739822,0.235072853,-177.1008792,-36.97160768,0.277155348,-176.9459496,-37.43834183,0.301247195,-176.819604,-37.94158105,0.317841339,-176.6494155,-38.39178928,0.320096129,-176.4092384,-38.75549737,0.332622387,-176.3058814,-39.29119313,0.332864769,-176.0366605,-39.6194222,0.346284201,-175.8934211,-40.10705641,0.327510044,-175.8969555,-40.7837905,0.316229968,-175.6807109,-41.18160037,0.309074451
-173.56626,-32.26558625,0.235381781,-177.2670478,-37.1754114,0.277400368,-177.1109913,-37.64188605,0.301581027,-176.98364,-38.14520192,0.318200949,-176.8125842,-38.59533962,0.320467247,-176.5719973,-38.95910096,0.332997865,-176.4673516,-39.49469214,0.333239319,-176.1977491,-39.82282909,0.346671462,-176.0535274,-40.31049598,0.327884415,-176.055505,-40.98757857,0.316601166,-175.8386248,-41.38535608,0.309430098
-173.7395087,-32.45423216,0.235691102,-177.4326912,-37.37966774,0.277644361,-177.2755085,-37.84588098,0.301913538,-177.1471519,-38.34927315,0.318557711,-176.9752277,-38.7993381,0.320835099,-176.7342292,-39.16315288,0.333370239,-176.6282928,-39.6986346,0.333612161,-176.3583073,-40.02668025,0.347055735,-176.2130905,-40.51436552,0.328257427,-176.2134952,-41.19177686,0.316970497,-175.9959899,-41.58953626,0.309783598
-173.9122872,-32.64333429,0.236000306,-177.5978093,-37.58437646,0.27788716,-177.439501,-38.0503257,0.302244134,-177.3101388,-38.553793,0.318910867,-177.1373451,-39.00378289,0.321199045,-176.8959321,-39.36765066,0.333739331,-176.7886986,-39.90301404,0.333984618,-176.5183299,-40.2309711,0.347438186,-176.3721021,-40.71865574,0.328629553,-176.3709304,-41.39638942,0.317336641,-176.1528111,-41.79414581,0.310134396
-174.084593,-32.83289058,0.2363095,-177.7622443,-37.78934055,0.27812816,-177.602968,-38.25521874,0.302572081,-177.4725992,-38.75875922,0.319259903,-177.2989333,-39.208671,0.321559479,-177.0571004,-39.5725886,0.334106054,-176.9485582,-40.10781854,0.334357483,-176.6778092,-40.4356934,0.347819585,-176.530559,-40.92336298,0.329000783,-176.527821,-41.60142853,0.317699389,-176.3090938,-41.99919076,0.310482716
-174.2564206,-33.02289574,0.236619622,-177.9260082,-37.99462138,0.278397992,-177.7659084,-38.46055823,0.302896748,-177.6345303,-38.96416926,0.31960521,-177.4599843,-39.41399406,0.321917842,-177.2177258,-39.77795785,0.334471108,-177.1078622,-40.31303716,0.334731065,-176.8367391,-40.64084032,0.348199878,-176.6884645,-41.12849044,0.329370241,-176.6841761,-41.80690503,0.318059582,-176.4648403,-42.2046739,0.310829107
-174.4277603,-33.21334016,0.236931328,-178.0895221,-38.20069866,0.27866613,-177.9283193,-38.6663411,0.303218408,-177.7959266,-39.17001776,0.319948001,-177.6204848,-39.61973659,0.322275037,-177.3772681,-39.98307901,0.334843299,-177.2666075,-40.51866527,0.335104667,-176.99512,-40.84641117,0.34857795,-176.8458267,-41.33404724,0.329737773,-176.8399991,-42.01282361,0.318417997,-176.6200506,-42.41059599,0.311174105
-174.5986039,-33.40421524,0.237244788,-178.2525057,-38.40722115,0.278931366,-178.0901928,-38.87255891,0.303538462,-177.9567789,-39.37629478,0.320289006,-177.7804229,-39.82588453,0.322631488,-177.5367694,-40.18930646,0.335233431,-177.4242737,-40.72402605,0.335478384,-177.1529567,-41.05241093,0.348953248,-177.0026527,-41.54004162,0.330103945,-176.9952894,-42.2191846,0.318774764,-176.7747233,-42.61695663,0.311518041
-174.7689484,-33.59551728,0.23755963,-178.4149531,-38.61418327,0.279194872,-178.2515153,-39.07919591,0.303857812,-178.1170799,-39.58299167,0.320628342,-177.939275,-40.03179538,0.323009369,-177.6957205,-40.39595629,0.33562125,-177.5819023,-40.9305069,0.335873905,-177.3102547,-41.25884565,0.349325937,-177.1589447,-41.74647658,0.330469389,-177.1500443,-42.42598595,0.319129543,-176.9288564,-42.82375432,0.311861012
-174.9387973,-33.78724985,0.237874722,-178.5768551,-38.82157473,0.279457342,-178.4122748,-39.28623787,0.304176909,-178.2768267,-39.79010425,0.320965353,-178.0980667,-40.23876419,0.323389131,-177.854128,-40.60303597,0.33600655,-177.7389948,-41.13742308,0.336268436,-177.4670166,-41.46571831,0.349696562,-177.3147019,-41.95335204,0.33083433,-177.3042611,-42.63322493,0.319481881,-177.0824483,-43.03098708,0.312202683
-175.1081599,-33.9794225,0.238189554,-178.7382038,-39.0293866,0.279719033,-178.5724674,-39.4936789,0.304495343,-178.4360225,-39.99763502,0.321298957,-178.256312,-40.44615496,0.32376552,-178.0119976,-40.81055183,0.336389752,-177.8955554,-41.34478078,0.33666301,-177.6226937,-41.67231354,0.35007267,-177.4699221,-42.16066647,0.331198719,-177.4579374,-42.84089848,0.319831182,-177.2354968,-43.23865162,0.312542475
-175.2770436,-34.17204358,0.238504376,-178.8989961,-39.23761457,0.27997947,-178.7320991,-39.7015254,0.304811464,-178.5946749,-40.20559275,0.321629025,-178.4140225,-40.65398213,0.324139952,-178.1693311,-41.01850645,0.336771465,-178.0515841,-41.55258158,0.337057919,-177.7783619,-41.88007464,0.350465468,-177.6246027,-42.36841763,0.3315624,-177.611071,-43.04900297,0.320176944,-177.3879994,-43.44674415,0.312879791
-175.4454514,-34.36511621,0.238819124,-179.0592352,-39.44626129,0.280237582,-178.891184,-39.90979413,0.305124957,-178.7527905,-40.4139853,0.321956402,-178.5712036,-40.86225401,0.32451382,-178.3261275,-41.22689989,0.337152013,-178.2070784,-41.76082321,0.337452756,-177.9334904,-42.08827262,0.35085725,-177.7787421,-42.57660327,0.331924902,-177.7636594,-43.25753467,0.320518804,-177.5399541,-43.65526134,0.313214285
-175.613382,-34.55863911,0.239132934,-179.2189291,-39.65533588,0.280493265,-179.0492648,-40.11789099,0.305442631,-178.9103718,-40.62281703,0.322282079,-178.7278555,-41.0709722,0.324887317,-178.482385,-41.43573084,0.337531406,-178.3620348,-41.96950167,0.337846682,-178.0880773,-42.29690527,0.351247592,-177.9323382,-42.78522011,0.332285721,-177.9157003,-43.46649031,0.320856707,-177.6913585,-43.86420087,0.313546231
-175.7808326,-34.752609,0.239444582,-179.3780846,-39.86484641,0.280747313,-179.2072615,-40.32705718,0.305785297,-179.0674189,-40.83208921,0.322606561,-178.8839747,-41.2801333,0.325259675,-178.6381015,-41.64499761,0.337909478,-178.5164494,-42.17861163,0.338238587,-178.2421203,-42.50596901,0.351635828,-178.0853886,-42.99426439,0.332644361,-178.067192,-43.67586857,0.321191092,-177.8422117,-44.0735624,0.313876226
-175.9474094,-34.94656824,0.23975361,-179.5367038,-40.07479643,0.281000617,-179.3647272,-40.53666746,0.306127885,-179.2239294,-41.04179999,0.322929815,-179.0395567,-41.48973179,0.325629701,-178.7932755,-41.85469794,0.338285731,-178.6703191,-42.38814821,0.338627603,-178.3956169,-42.71545971,0.35202132,-178.237891,-43.20373284,0.333000545,-178.2181342,-43.88566991,0.321522676,-177.9925132,-44.28334658,0.31420499
-176.1138789,-35.14143053,0.240074322,-179.6947862,-40.2851862,0.281253459,-179.5216583,-40.74671855,0.30646955,-179.3799004,-41.25194595,0.323251257,-179.1945968,-41.69976125,0.325996182,-178.9479048,-42.06482865,0.338659594,-178.8236416,-42.59810795,0.339013257,-178.5485643,-42.92537344,0.352403655,-178.3898435,-43.4136237,0.333354604,-178.3685264,-44.09589495,0.32185212,-178.1422629,-44.49355394,0.314532957
-176.2798605,-35.33673226,0.240391726,-179.8523296,-40.49601427,0.281505737,-179.6780512,-40.95720613,0.306809303,-179.5353289,-41.46252276,0.323569999,-179.3490915,-41.91021617,0.326358327,-179.1019874,-42.27538626,0.339030539,-178.9764155,-42.80848893,0.339395675,-178.7009604,-43.13570799,0.352783062,-178.5412455,-43.62393723,0.333707167,-178.5183683,-44.30654383,0.322179564,-178.29146,-44.70418316,0.314859901
-176.4453533,-35.53247346,0.24070622,-180.0093319,-40.70727844,0.281757103,-179.8339021,-41.1681251,0.307146121,-179.6897214,-41.67286993,0.323892752,-179.5030384,-42.12109311,0.326715862,-179.2555209,-42.48636748,0.339398319,-179.12864,-43.01929141,0.339775468,-178.8528043,-43.34646312,0.353160107,-178.6915906,-43.83397262,0.334062176,-178.6676586,-44.51761431,0.322504555,-178.4401022,-44.91523042,0.315185127
-176.6103569,-35.72865434,0.241018181,-180.1657907,-40.91897538,0.282006943,-179.9892081,-41.37947098,0.30747933,-179.844034,-41.8843115,0.324233931,-179.6564363,-42.33239052,0.327069173,-179.4085036,-42.69777085,0.339763195,-179.2803153,-43.2305165,0.340153307,-179.0040957,-43.55763962,0.353535446,-178.8418724,-44.04514468,0.334437142,-178.8163945,-44.72910219,0.322826233,-178.5881867,-45.12669151,0.315507788
-176.7748701,-35.92527335,0.24132757,-180.3217033,-41.13110083,0.282254591,-180.1439675,-41.59124072,0.307808644,-179.9977969,-42.09617362,0.324571422,-179.8092848,-42.54410903,0.327419057,-179.5609349,-42.90959666,0.340125736,-179.4314411,-43.44216503,0.340529583,-179.1548349,-43.76923844,0.353909468,-178.9916017,-44.25673817,0.334811006,-178.9645734,-44.94100313,0.323143713,-178.7357111,-45.33856308,0.315827431
-176.9388901,-36.12232722,0.24163399,-180.4770674,-41.34365119,0.282499507,-180.2981787,-41.80343254,0.308134264,-180.1510096,-42.30845645,0.3249059,-179.9615842,-42.75625002,0.327766308,-179.7128143,-43.12184538,0.340486514,-179.5820171,-43.65423667,0.34090402,-179.3050209,-43.98125819,0.354281927,-179.140776,-44.4687492,0.335182899,-179.1121926,-45.15331385,0.323456601,-178.8821937,-45.55017302,0.31615733
-177.1024144,-36.31981247,0.241936862,-180.6318813,-41.55662407,0.28274164,-180.4518411,-42.0160465,0.308456834,-180.303672,-42.52116103,0.32523809,-180.1133343,-42.96881435,0.328111365,-179.8641416,-43.33451708,0.340845621,-179.7320416,-43.86672856,0.341275836,-179.4546516,-44.19369535,0.3546521,-179.2893927,-44.6811735,0.335551903,-179.2592511,-45.36603342,0.323764959,-179.0285782,-45.7628729,0.316492996
-177.2654407,-36.5177265,0.242235686,-180.7861436,-41.77001883,0.282981488,-180.6049544,-42.2290833,0.308776998,-180.455784,-42.73428833,0.325568479,-180.2645348,-43.18180166,0.328453925,-180.0149153,-43.54760961,0.341202575,-179.8815117,-44.07963621,0.341643959,-179.6037245,-44.40654594,0.355019151,-179.4374495,-44.89400799,0.335917555,-179.4057488,-45.57916263,0.324069213,-179.1744009,-45.97598303,0.316826675
-177.4279679,-36.71606821,0.242530234,-180.9394143,-41.98327583,0.283249902,-180.7575181,-42.44254331,0.309095139,-180.6073452,-42.94783784,0.325896864,-180.415184,-43.39520903,0.328793186,-180.165133,-43.76111881,0.341556499,-180.0304243,-44.29295519,0.342007431,-179.7522371,-44.61980654,0.35538259,-179.584945,-45.1072517,0.336279895,-179.551686,-45.79270243,0.324369821,-179.3196616,-46.1895031,0.317158388
-177.5899955,-36.91483751,0.24282044,-181.0925466,-42.19753432,0.283520787,-180.9095317,-42.65642608,0.309411006,-180.7583541,-43.16180686,0.326222578,-180.5652788,-43.60903192,0.329128052,-180.3147919,-43.97504047,0.341906464,-180.1787773,-44.5066829,0.342365807,-179.900188,-44.83347585,0.355742416,-179.7318792,-45.32090506,0.336639252,-179.6970627,-46.00665281,0.324666778,-179.4643592,-46.40343115,0.317487785
-177.7515235,-37.11403438,0.243106266,-181.2451265,-42.41221601,0.283790673,-181.0609935,-42.87072899,0.309723812,-180.908808,-43.37619126,0.326544721,-180.7148163,-43.8232659,0.329457544,-180.4638895,-44.18937135,0.342252025,-180.3265702,-44.72081911,0.342719154,-180.047577,-45.04755411,0.35609897,-179.8782521,-45.53496885,0.336995972,-179.8418779,-46.22101187,0.324959788,-179.6084918,-46.61776403,0.317814344
-177.9125512,-37.3136584,0.243387433,-181.3971525,-42.62731833,0.28405893,-181.211901,-43.08544801,0.310032486,-181.058704,-43.59098683,0.326862514,-180.8637943,-44.03790836,0.329781237,-180.6124246,-44.40411033,0.342593198,-180.4738025,-44.93536431,0.343067794,-180.1944039,-45.26204181,0.356452653,-180.0240634,-45.74944273,0.337349983,-179.9861297,-46.43577643,0.325248357,-179.7520568,-46.83249768,0.318137791
-178.0730781,-37.51370825,0.243663255,-181.548622,-42.84283727,0.284324656,-181.3622516,-43.30057915,0.31033601,-181.2080403,-43.80619131,0.327175667,-181.0122122,-44.25295906,0.33009921,-180.7603971,-44.61925789,0.34293032,-180.6204744,-45.15031869,0.343411865,-180.3406686,-45.47693889,0.356803479,-180.1693122,-45.9643247,0.337700883,-180.1293365,-46.65024638,0.32554391,-179.8950492,-47.04762557,0.318458673
-178.2331033,-37.71418228,0.243932983,-181.6995323,-43.05876864,0.284586988,-181.5120429,-43.51611945,0.310633879,-181.3568161,-44.0218045,0.327484353,-181.1600697,-44.46841851,0.330411822,-180.9073045,-44.83409618,0.343273013,-180.766585,-45.36568103,0.343751077,-180.48637,-45.69224351,0.357151098,-180.3139965,-46.17961164,0.338048112,-180.2724347,-46.86582031,0.325846487,-180.0374617,-47.2631378,0.318777362
-178.3926258,-37.91507864,0.244196012,-181.8498811,-43.27510954,0.284845543,-181.6612738,-43.7320679,0.31092601,-181.5050313,-44.23782681,0.327788949,-181.3068876,-44.68359589,0.330725755,-181.0541296,-45.05007634,0.343631286,-180.9121328,-45.58144861,0.344084875,-180.6315065,-45.90795266,0.357494954,-180.4581137,-46.39529988,0.338391348,-180.414959,-47.0817865,0.326145462,-180.1792881,-47.47902584,0.319094036
-178.5516429,-38.11639456,0.24445254,-181.9996675,-43.49185912,0.285100361,-181.8099439,-43.94842464,0.311212612,-181.6526857,-44.45425839,0.328089619,-181.4536013,-44.89988678,0.331056741,-181.200391,-45.26646378,0.343985396,-181.0571159,-45.79761834,0.344412652,-180.7760759,-46.12406307,0.357834602,-180.6016611,-46.61138609,0.338730841,-180.5569063,-47.29814116,0.326441249,-180.320526,-47.69528617,0.319408664
-178.7101474,-38.31812194,0.244704464,-182.1488911,-43.70901784,0.285351761,-181.9580529,-44.16518996,0.311493912,-181.7997786,-44.67109785,0.328386119,-181.5997525,-45.11658305,0.331381859,-181.346087,-45.48325558,0.34433478,-181.2010393,-46.01345357,0.344737289,-180.9200754,-46.34057151,0.358170289,-180.7446358,-46.82786706,0.339067016,-180.6982751,-47.51488235,0.326733937,-180.4611781,-47.91192218,0.319720677
-178.868126,-38.52024539,0.244953597,-182.2975521,-43.92658632,0.285600031,-182.1056006,-44.38236321,0.311769717,-181.9463082,-44.88834243,0.328677928,-181.7453394,-45.33368162,0.331700616,-181.4912153,-45.70044833,0.34467908,-181.3448648,-46.23043067,0.345079876,-181.0635009,-46.5574727,0.358502776,-180.8870353,-47.04474032,0.339400284,-180.8390659,-47.73201021,0.327023285,-180.601251,-48.12894329,0.320030277
-179.0255672,-38.72275126,0.245201126,-182.44565,-44.1445638,0.285845065,-182.2521224,-44.59930674,0.312067842,-182.0922728,-45.10598909,0.32896449,-181.8903597,-45.55117961,0.332013004,-181.6357734,-45.91803938,0.345018554,-181.4881173,-46.44780038,0.345417362,-181.2063457,-46.77475779,0.358832471,-181.0288588,-47.26200475,0.339730746,-180.9792805,-47.94952693,0.327309323,-180.7407504,-48.34635798,0.320338205
-179.1824672,-38.9256344,0.245447895,-182.5931835,-44.36294785,0.28608639,-182.3985185,-44.81730512,0.312363024,-182.2376701,-45.32403491,0.329245736,-182.0348104,-45.76907366,0.332319591,-181.779759,-46.13602638,0.345353637,-181.6307947,-46.66556011,0.345750077,-181.3486048,-46.99241937,0.359159161,-181.1701061,-47.47965987,0.340058134,-181.1189203,-48.16743424,0.327592189,-180.8796787,-48.56416969,0.320644706
-179.3388327,-39.12890184,0.245692482,-182.7401506,-44.58173548,0.28632342,-182.5443481,-45.03570342,0.312651585,-182.3824978,-45.54247739,0.32952209,-182.1786877,-45.98735898,0.332620817,-181.9231703,-46.35440763,0.345684768,-181.7728957,-46.88370803,0.346077871,-181.4897563,-47.20969197,0.359502704,-181.3107778,-47.69770578,0.3403822,-181.2579855,-48.38573224,0.327871868,-181.0180353,-48.78237759,0.320949192
-179.4946775,-39.33257043,0.245933152,-182.8865495,-44.80092372,0.286555905,-182.6896082,-45.25449784,0.312934024,-182.5267534,-45.76131395,0.32979403,-182.3219884,-46.20603162,0.332916932,-182.0660065,-46.57318226,0.346012101,-181.9144204,-47.10224352,0.346400379,-181.6308292,-47.42812497,0.359847229,-181.450874,-47.91614232,0.340702721,-181.3964757,-48.60442011,0.32814807,-181.1558184,-49.00097876,0.321250689
-179.6500135,-39.53665467,0.246169953,-183.0323774,-45.02050958,0.286784166,-182.8342942,-45.47368286,0.313210721,-182.6704347,-45.98054234,0.330061949,-182.4647109,-46.42508931,0.333207827,-182.208267,-46.79234918,0.346335358,-182.0553696,-47.32116742,0.346717448,-181.7713264,-47.6469483,0.36018824,-181.5903942,-48.13496852,0.341019443,-181.5343903,-48.82349687,0.328420473,-181.2930254,-49.21996934,0.321548464
-179.804845,-39.74116021,0.246403074,-183.1776315,-45.24049001,0.287008633,-182.9784025,-45.69325373,0.313481924,-182.8130773,-46.19946459,0.330333902,-182.6068558,-46.64453201,0.33349319,-182.3499516,-47.01190735,0.346654206,-182.195744,-47.54048035,0.347029016,-181.9112509,-47.866166,0.360526174,-181.7293379,-48.35418334,0.341332009,-181.6717277,-49.04296065,0.328689085,-181.4296531,-49.43934561,0.321842558
-179.9591704,-39.94608627,0.246631903,-183.3223095,-45.46086237,0.287229717,-183.1219314,-45.91320811,0.313747631,-182.955584,-46.41948853,0.330624019,-182.7484247,-46.86436189,0.333773027,-182.4910598,-47.2318556,0.346968312,-182.3355438,-47.76018252,0.347334969,-182.0506029,-48.08577851,0.360860778,-181.8677047,-48.5737861,0.34164011,-181.808485,-49.26280785,0.328954454,-181.5656979,-49.65910307,0.322133645
-180.112986,-40.15142906,0.24685543,-183.4664102,-45.68162517,0.287447481,-183.2648814,-46.13354637,0.314007548,-183.0975155,-46.63990176,0.330909357,-182.8894192,-47.08458084,0.334047508,-182.6315908,-47.45219242,0.347277357,-182.4747691,-47.98027378,0.347635155,-182.1893811,-48.30578399,0.361191326,-182.0054938,-48.79377581,0.341943653,-181.9446578,-49.48303283,0.329217042,-181.701155,-49.87923544,0.322422257
-180.2662878,-40.35718423,0.247072808,-183.6095309,-45.9021781,0.287672906,-183.4072551,-46.35427154,0.314261738,-183.2388717,-46.86070377,0.331189706,-183.0298394,-47.30518909,0.334316663,-182.771544,-47.67291667,0.347581021,-182.613419,-48.20075309,0.34792938,-182.3275835,-48.52617903,0.361517098,-182.1427034,-49.0141507,0.342243079,-182.080242,-49.70363033,0.329477146,-181.836021,-50.09973782,0.322708356
-180.4190733,-40.56334845,0.247283348,-183.7524499,-46.12373836,0.28791754,-183.5490542,-46.57538632,0.31451044,-183.379652,-47.08189362,0.331464873,-183.169685,-47.5261859,0.334580231,-182.910919,-47.8940277,0.347879058,-182.7514919,-48.42161803,0.348217708,-182.4652069,-48.74695995,0.361837995,-182.2793305,-49.23490757,0.342539031,-182.2152357,-49.92459776,0.329734695,-181.9702955,-50.32060876,0.322991285
-180.5713405,-40.76991864,0.247486687,-183.8947921,-46.34568857,0.288158136,-183.6902795,-46.79689131,0.314753708,-183.5198561,-47.30347039,0.331734568,-183.3089555,-47.7475704,0.334837907,-183.049715,-48.11552456,0.348171428,-182.8889844,-48.64286483,0.348500647,-182.6022475,-48.96812199,0.362154538,-182.415371,-49.45604131,0.342831904,-182.3496394,-50.14593483,0.329989225,-182.1039799,-50.54184984,0.323270564
-180.7230875,-40.97689185,0.247682678,-184.0365573,-46.56802793,0.288394498,-183.8309305,-47.0187858,0.31499126,-183.6594835,-47.52543348,0.33199858,-183.4476495,-47.96934085,0.33508976,-183.1879303,-48.33740517,0.348458644,-183.0258924,-48.86448814,0.348778614,-182.7387004,-49.18965853,0.362467115,-182.5503479,-49.67679621,0.343134068,-182.4834546,-50.36764326,0.33024047,-182.2370763,-50.76346341,0.323545986
-180.874313,-41.18426576,0.247871315,-184.1777449,-46.79075552,0.288626324,-183.9710066,-47.24106869,0.315222724,-183.7985332,-47.74778161,0.332257034,-183.5857638,-48.19149359,0.335336361,-183.3255596,-48.55966279,0.348741644,-183.1622123,-49.08648329,0.3490519,-182.874562,-49.41156467,0.362775731,-182.685189,-49.89868462,0.3434448,-182.6166827,-50.5897246,0.330488384,-182.369585,-50.98545022,0.323817647
-181.0250154,-41.39203879,0.248053038,-184.3183546,-47.01387067,0.288853349,-184.1105065,-47.46373834,0.315447934,-183.9370025,-47.97051201,0.332510525,-183.7232941,-48.41402295,0.335578167,-183.4625942,-48.78228461,0.349020759,-183.2979426,-49.3088481,0.349320386,-183.0098318,-49.63383887,0.363079828,-182.8194405,-50.12094383,0.343751021,-182.7493233,-50.81217862,0.330733186,-182.5015054,-51.20781034,0.324085691
-181.1751939,-41.60021081,0.248228443,-184.4583854,-47.23737223,0.28907551,-184.2494282,-47.68679253,0.315667276,-184.0748877,-48.19361982,0.332759471,-183.8602363,-48.63692364,0.335815509,-183.5990271,-49.00525962,0.349295564,-183.4330836,-49.53158222,0.349583638,-183.1445112,-49.85648274,0.363378983,-182.9531032,-50.34357452,0.34405252,-182.8813756,-51.03500483,0.330975109,-182.632837,-51.43054381,0.324350189
-181.3248483,-41.80878254,0.248398153,-184.5978358,-47.46125867,0.289293205,-184.3877685,-47.91022763,0.31588147,-184.2121851,-48.41710037,0.333004087,-183.9965885,-48.86019291,0.336048289,-183.7348582,-49.22858684,0.349564711,-183.5676368,-49.75468706,0.349841413,-183.2786023,-50.07949868,0.36367306,-183.0861771,-50.5665766,0.344349492,-183.0128386,-51.25820279,0.331214358,-182.7635786,-51.65364995,0.324611099
-181.4739784,-42.0177544,0.248562614,-184.7367029,-47.68552688,0.289507081,-184.525523,-48.13403798,0.316091015,-184.3488929,-48.64095115,0.333244194,-184.1323512,-49.08383064,0.336276051,-183.8700937,-49.45227528,0.349827837,-183.7016032,-49.97816369,0.350093683,-183.4121056,-50.30288735,0.363962115,-183.218661,-50.78994924,0.344642364,-183.1437114,-51.48177175,0.331451003,-182.8937293,-51.87712734,0.3248679
-181.6225837,-42.22712582,0.248721626,-184.8749827,-47.91017179,0.28971751,-184.6626884,-48.35821875,0.316295946,-184.4850113,-48.86517149,0.333479256,-184.2675261,-49.30783859,0.336498582,-184.0042773,-49.67557242,0.350089998,-183.8349822,-50.20201164,0.350340742,-183.5450205,-50.52664869,0.364246291,-183.3505531,-51.01369036,0.344931335,-183.2739931,-51.70571047,0.331684705,-183.0228489,-52.10024736,0.325136155
-181.7706625,-42.43689408,0.248874685,-185.0126722,-48.13518911,0.289924392,-184.799264,-48.58276817,0.316495688,-184.6205415,-49.08976255,0.333708953,-184.4016642,-49.53149116,0.336728149,-184.1383159,-49.9000235,0.3503728,-183.9677729,-50.42623022,0.350582885,-183.6773462,-50.75078247,0.364525696,-183.4818516,-51.23779779,0.345216378,-183.4036823,-51.93001613,0.331914989,-183.1517949,-52.32446717,0.325405227
-181.9182121,-42.64705484,0.249021061,-185.1497705,-48.36057676,0.290127122,-184.9348339,-48.8070066,0.316694556,-184.7554846,-49.31472541,0.333933185,-184.5356419,-49.75625585,0.336970155,-184.2717694,-50.12485335,0.350651792,-184.0999741,-50.65081877,0.35082038,-183.8090815,-50.97528772,0.364800326,-183.612555,-51.46226932,0.345497101,-183.5327772,-52.15468498,0.332141289,-183.2801444,-52.54904739,0.3256682
-182.0648644,-42.85709967,0.249170948,-185.2862782,-48.58633501,0.290325234,-185.0702071,-49.03231173,0.316915548,-184.8898401,-49.54005956,0.334152189,-184.6690318,-49.98139162,0.337207555,-184.404636,-50.35006011,0.35092674,-184.2315847,-50.87577635,0.351053378,-183.9402253,-51.200163,0.365069806,-183.7426626,-51.68710294,0.345772977,-183.6612758,-52.37971352,0.332363148,-183.407896,-52.77398622,0.325924901
-182.2113348,-43.06804273,0.249319513,-185.4221966,-48.81246491,0.290518526,-185.204993,-49.25798775,0.317131112,-185.0236065,-49.7657635,0.334366275,-184.801833,-50.2068981,0.337440592,-184.5369131,-50.57564049,0.351197137,-184.3626039,-51.10110101,0.351281608,-184.0707762,-51.42540555,0.365333527,-183.8721737,-51.91229722,0.346043625,-183.7891767,-52.60509973,0.332580422,-183.5350494,-52.99928357,0.326175465
-182.3572703,-43.27937084,0.249460809,-185.5575256,-49.03896644,0.290707135,-185.339191,-49.48403494,0.317341683,-185.1567818,-49.99183481,0.3345756,-184.9340448,-50.43277487,0.337669392,-184.6685984,-50.80159079,0.351462307,-184.4925749,-51.32601149,0.351509216,-184.2007323,-51.65101177,0.365590828,-184.0010878,-52.13785083,0.346308837,-183.9160465,-52.83009568,0.332803342,-183.6616047,-53.22493975,0.326420139
-182.5026709,-43.49108493,0.249595293,-185.6922641,-49.26583843,0.290891419,-185.4728006,-49.71045334,0.317547613,-185.2893638,-50.21827093,0.334780161,-185.0656663,-50.6590204,0.337893673,-184.7996897,-51.02790699,0.351721659,-184.6223836,-51.5520719,0.351753888,-184.330092,-51.87697838,0.365841165,-184.1294044,-52.36376321,0.346568593,-184.0427321,-53.05620701,0.333035792,-183.7875614,-53.45095456,0.326659041
-182.647537,-43.70318596,0.249723421,-185.8264102,-49.49307883,0.291071607,-185.6058209,-49.93724253,0.317749128,-185.4213516,-50.44506988,0.334979583,-185.1966961,-50.88563182,0.338113019,-184.9301852,-51.25458537,0.351974806,-184.7515954,-51.77848933,0.351992532,-184.4588537,-52.10330291,0.366084362,-184.2571232,-52.59003448,0.346823024,-184.1688191,-53.28267571,0.333264078,-183.9129186,-53.67732659,0.326892025
-182.7918683,-43.91567319,0.249845227,-185.9599619,-49.72068514,0.291247799,-185.738251,-50.16440114,0.317946089,-185.5527443,-50.67222992,0.335173451,-185.3271321,-51.11260536,0.338326945,-185.0600833,-51.48162295,0.352221551,-184.8802097,-52.0052629,0.352225201,-184.5870166,-52.32998432,0.366320462,-184.384244,-52.81666445,0.347072257,-184.2943067,-53.50950034,0.333488008,-184.0376752,-53.90405362,0.327118787
-182.9356635,-44.12854438,0.249960483,-186.0925449,-49.94802546,0.291424636,-185.8700893,-50.39192619,0.318138059,-185.6830956,-50.89902744,0.335388189,-185.4569724,-51.3399374,0.33853507,-185.1893829,-51.70901797,0.352461944,-185.0082265,-52.23239316,0.352452167,-184.7141124,-52.55620316,0.366556437,-184.5107659,-53.04365215,0.347316254,-184.4191935,-53.73667862,0.333707234,-184.1618294,-54.13113299,0.327339053
-183.0789209,-44.34179671,0.250068877,-186.2248755,-50.17637424,0.29162694,-186.0013337,-50.61981379,0.318324527,-185.8132711,-51.12692007,0.335601783,-185.5862157,-51.56762607,0.338737301,-185.3180835,-51.93677003,0.35269612,-185.1356459,-52.45988064,0.352673749,-184.8410553,-52.78360946,0.366805839,-184.6366878,-53.27099563,0.347554786,-184.543478,-53.96420779,0.333921431,-184.2853793,-54.3585618,0.327552986
-183.2216385,-44.55542717,0.250170406,-186.3566092,-50.40508401,0.291824238,-186.1319824,-50.84806028,0.318505079,-185.9428498,-51.35517051,0.33580945,-185.7148618,-51.79567119,0.338933816,-185.4461852,-52.16487954,0.352924245,-185.2624675,-52.68772496,0.352890059,-184.9673982,-53.01137157,0.367048448,-184.7620082,-53.49869236,0.347787533,-184.667158,-54.19208518,0.334130724,-184.4083209,-54.5863342,0.327761287
-183.3638132,-44.76943212,0.250265817,-186.4877455,-50.63415371,0.292016355,-186.2620338,-51.07666313,0.318679609,-186.0718315,-51.58377857,0.336011321,-185.8429104,-52.02407294,0.339124897,-185.5736877,-52.39334663,0.353146375,-185.3886902,-52.9159244,0.35310094,-185.0931401,-53.23948784,0.367284032,-184.8867257,-53.72673978,0.348014226,-184.7902302,-54.42030565,0.334335668,-184.5306483,-54.81444003,0.327964271
-183.5054411,-44.98380644,0.250355874,-186.6182837,-50.86358219,0.292203319,-186.3914872,-51.30562153,0.318848245,-186.2002156,-51.81274381,0.336207507,-185.9703613,-52.25283104,0.339310683,-185.7005905,-52.62217033,0.353362326,-185.5143127,-53.14447642,0.353306084,-185.2182798,-53.46795599,0.367512313,-185.0108381,-53.95513481,0.34823512,-184.9126894,-54.64886069,0.334536461,-184.6523563,-55.04287048,0.32816185
-183.6465186,-45.19854575,0.250441188,-186.7482231,-51.09336852,0.292385191,-186.5203426,-51.53493583,0.319011285,-186.3280013,-52.04206512,0.336397969,-186.0972135,-52.48194409,0.339491078,-185.8268923,-52.85134856,0.353571705,-185.6393331,-53.37337812,0.353505253,-185.3428152,-53.69677311,0.367733329,-185.1343405,-54.18386942,0.348451113,-185.0345316,-54.8777434,0.334732792,-184.7734431,-55.27162123,0.328353546
-183.7870443,-45.41364809,0.250522115,-186.8775628,-51.32351193,0.292562035,-186.6486,-51.76460632,0.319169,-186.4551875,-52.27174069,0.336582491,-186.2234658,-52.71140984,0.339665812,-185.9525917,-53.08087876,0.353774056,-185.7637494,-53.60262671,0.353698637,-185.4667427,-53.92593339,0.367947643,-185.2572242,-54.41292895,0.34866256,-185.1557565,-55.1069524,0.334923747,-184.8939107,-55.50069464,0.328538679
-183.9270188,-45.62911408,0.250598524,-187.0063024,-51.55401154,0.292733868,-186.7762589,-51.99463244,0.319321435,-186.581773,-52.5017684,0.33676081,-186.3491166,-52.94122574,0.339834607,-186.0776865,-53.31075773,0.353969294,-185.8875584,-53.83221737,0.353886849,-185.5900563,-54.15542705,0.368155454,-185.379482,-54.64230015,0.348869366,-185.2763673,-55.33649236,0.335108955,-185.0137642,-55.730099,0.328717381
-184.0664445,-45.84494664,0.250670442,-187.1344408,-51.78486598,0.292900573,-186.9033184,-52.22501259,0.319468435,-186.7077565,-52.73214607,0.336932738,-186.4741641,-53.17138891,0.339997604,-186.2021726,-53.54097899,0.354157874,-186.0107552,-54.06214221,0.354070178,-185.712751,-54.38524557,0.368356695,-185.5011114,-54.8719772,0.349070907,-185.3963675,-55.56636905,0.335288679,-185.1330075,-55.95984181,0.328890513
-184.2053233,-46.0611482,0.250738063,-187.2619771,-52.01607347,0.293061953,-187.0297772,-52.45574462,0.319609745,-186.8331361,-52.96287088,0.337098544,-186.5986045,-53.40189411,0.34015537,-186.3260436,-53.77153185,0.354339916,-186.1333362,-54.29239477,0.354248382,-185.8348249,-54.6153849,0.368550976,-185.6221158,-55.10196528,0.349265967,-185.5157588,-55.79658527,0.33546332,-185.2516427,-56.18992741,0.32905886
-184.3436554,-46.27771907,0.250801442,-187.3889101,-52.24763206,0.293217807,-187.1556336,-52.6868257,0.319745397,-186.9579069,-53.19393511,0.337259093,-186.7224328,-53.63273268,0.340308164,-186.449294,-54.00240674,0.354515336,-186.255301,-54.52297376,0.354420671,-185.9562797,-54.84584697,0.368737602,-185.7423383,-55.33196212,0.349454478,-185.634541,-56.02714166,0.335633081,-185.36967,-56.42035709,0.329222817
-184.4814405,-46.49465838,0.250860356,-187.5152383,-52.47953938,0.293368189,-187.2808836,-52.91824989,0.319875917,-187.0820606,-53.42532443,0.337414683,-186.8456443,-53.86389692,0.340455921,-186.5719218,-54.23359939,0.354683653,-186.3766524,-54.75388311,0.354586694,-186.0771199,-55.07663908,0.368916596,-185.8618455,-55.56214112,0.349661296,-185.7527135,-56.25803756,0.335797955,-185.487088,-56.65112913,0.329382416
-184.6186779,-46.71196516,0.250914527,-187.6409589,-52.7117914,0.293513523,-187.4055215,-53.1500077,0.320001525,-187.2055902,-53.65702596,0.337565148,-186.9682376,-54.0953832,0.340598061,-186.6939291,-54.46511254,0.35484411,-186.4973935,-54.98512774,0.35474663,-186.1973493,-55.30776771,0.369088545,-185.9809976,-55.79314988,0.349865452,-185.8702748,-56.48927119,0.335957867,-185.6038944,-56.88224,0.329537597
-184.7553668,-46.9296381,0.250963816,-187.7660679,-52.94438194,0.29365404,-187.5291362,-53.38139115,0.320150858,-187.328493,-53.88903383,0.337709906,-187.0898053,-54.32643005,0.340740427,-186.8148871,-54.69616004,0.355012723,-186.6175256,-55.21670992,0.3549008,-186.316969,-55.53923536,0.369253976,-186.0995439,-56.02450579,0.350064965,-185.9872234,-56.72084016,0.336112785,-185.7200868,-57.11368556,0.329688485
-184.8915056,-47.14767521,0.25100854,-187.8905618,-53.17730534,0.293789817,-187.6525104,-53.6138098,0.320299683,-187.4507723,-54.12135289,0.33784783,-187.2111442,-54.5585832,0.340900254,-186.9356437,-54.92835136,0.355188087,-186.7370487,-55.4486299,0.355049361,-186.4359786,-55.7710419,0.369412913,-186.217482,-56.25620541,0.35025902,-186.1035575,-56.9527416,0.33626282,-185.8356629,-57.345462,0.329835465
-185.0270912,-47.36607292,0.251049545,-188.014439,-53.41055873,0.29392056,-187.7752671,-53.84655158,0.320442616,-187.5724363,-54.35399719,0.337978938,-187.3318736,-54.79107166,0.341054122,-187.0557907,-55.16088225,0.355356876,-186.8559618,-55.68088707,0.355192296,-186.5543768,-56.00318592,0.369565151,-186.3348087,-56.48824312,0.350446706,-186.2192753,-57.18497256,0.33640819,-185.9506212,-57.57756673,0.329979122
-185.1621194,-47.58482553,0.251087554,-188.1377003,-53.64414248,0.294045681,-187.8974107,-54.07962341,0.320579672,-187.693492,-54.58697955,0.338104325,-187.4519947,-55.02389885,0.341202593,-187.1753276,-55.39375256,0.35551906,-186.9742639,-55.91347978,0.35532952,-186.6721623,-56.23566524,0.369710521,-186.4515209,-56.72061321,0.350627481,-186.3343754,-57.41753065,0.336549144,-186.0649611,-57.80999847,0.330120004
-185.2965864,-47.80392802,0.251123023,-188.2603479,-53.87805961,0.294164933,-188.0189448,-54.31303135,0.320711329,-187.8139426,-54.82030671,0.338224821,-187.5715075,-55.25706559,0.341345857,-187.2942532,-55.62696056,0.355674316,-187.0919532,-56.1464057,0.355460947,-186.7893331,-56.46847699,0.369848998,-186.5676159,-56.95331125,0.350801276,-186.4488569,-57.65041426,0.336685872,-186.178682,-58.04275597,0.330258675
-185.4304907,-48.02337795,0.251155916,-188.382034,-54.11166289,0.294288255,-188.1398705,-54.54677779,0.320838025,-187.9337883,-55.05397987,0.338340375,-187.6904109,-55.49057021,0.34148377,-187.4125656,-55.86050368,0.355822376,-187.2090281,-56.37966194,0.355586577,-186.9058873,-56.7016179,0.369980664,-186.6830925,-57.1863349,0.350968361,-186.5627191,-57.88362168,0.336818582,-186.2917833,-58.27583753,0.330395648
-185.563833,-48.24317538,0.25118584,-188.5034281,-54.34626765,0.294431473,-188.2601873,-54.78086244,0.320959767,-188.0530268,-55.2879957,0.338450274,-187.8087027,-55.72440951,0.341616055,-187.5302629,-56.09437873,0.355963153,-187.3250793,-56.61242897,0.355706883,-187.0218233,-56.9350852,0.370105695,-186.79795,-57.41968319,0.351129055,-186.6759611,-58.11715087,0.336947458,-186.4038818,-58.50846808,0.330540445
-185.696615,-48.46332248,0.251212572,-188.6242098,-54.58120815,0.294569069,-188.3798939,-55.01528366,0.321076318,-188.1712435,-55.52159624,0.338581127,-187.9263807,-55.95857958,0.341742497,-187.6473432,-56.32858232,0.356096725,-187.4408967,-56.84634824,0.355849476,-187.1371401,-57.16887696,0.370224214,-186.912188,-57.65335522,0.351283577,-186.7885816,-58.35099974,0.337072807,-186.51572,-58.74219992,0.330700611
-185.8288383,-48.68382102,0.251236102,-188.7443781,-54.81648346,0.294701019,-188.4989887,-55.25003921,0.321187464,-188.2892312,-55.75629392,0.338709833,-188.0434427,-56.19307662,0.341863031,-187.7638049,-56.56311176,0.356223275,-187.5560953,-57.08059018,0.355986389,-187.2518368,-57.40299138,0.370336266,-187.025806,-57.8873494,0.351431935,-186.9005795,-58.58516672,0.337195204,-186.6269342,-58.97625087,0.330862703
-185.9605026,-48.90467093,0.251256685,-188.863932,-55.05209224,0.294827329,-188.6174702,-55.48512659,0.32129312,-188.4066027,-55.99131873,0.338831567,-188.1598871,-56.42789787,0.341977726,-187.879647,-56.79796522,0.356342959,-187.6706741,-57.31515285,0.356117554,-187.3659124,-57.6374263,0.37044179,-187.1388026,-58.12166358,0.351574049,-187.011954,-58.81965115,0.337315381,-186.7375238,-59.21062124,0.331028196
-186.091607,-49.12587159,0.251274503,-188.9828703,-55.28803266,0.29494803,-188.7353368,-55.72054321,0.321393372,-188.5233567,-56.22666818,0.338946592,-188.275713,-56.66304166,0.342086654,-187.9948686,-57.03314083,0.356455818,-187.7846322,-57.55003392,0.356242845,-187.4793659,-57.87217958,0.370540676,-187.2511766,-58.35629585,0.351709975,-187.1223153,-59.05366621,0.337450656,-186.8474891,-59.44531123,0.331197507
-186.2221505,-49.34742251,0.251289705,-189.1011915,-55.52430223,0.295063212,-188.852587,-55.95628658,0.321488376,-188.6394925,-56.46234117,0.339055213,-188.3909197,-56.89850636,0.342189841,-188.1094686,-57.2686364,0.356561766,-187.8979683,-57.78523094,0.356362186,-187.5917702,-58.1063947,0.370647337,-187.362927,-58.59124493,0.351839893,-187.2324205,-59.28879347,0.337593605,-186.9568311,-59.68031835,0.331369792
-186.3521323,-49.56932296,0.251302424,-189.2188938,-55.76089805,0.29517294,-188.9692195,-56.19235464,0.321578223,-188.7550097,-56.69833662,0.339157611,-188.5055062,-57.13428998,0.3422872,-188.2234461,-57.50444964,0.356660674,-188.0106812,-58.02074219,0.356475749,-187.7039527,-58.3417894,0.370761325,-187.4740526,-58.82650969,0.351964005,-187.3419006,-59.52423517,0.337735866,-187.0655501,-59.91563941,0.331544131
-186.4815517,-49.79157174,0.251312457,-189.3359758,-55.99781754,0.295277192,-189.0852335,-56.42874526,0.321662864,-188.8699073,-56.93465285,0.33925375,-188.6194715,-57.37039031,0.342378619,-188.3367997,-57.74057844,0.356752593,-188.1227697,-58.2565665,0.356583798,-187.8155098,-58.57749807,0.370869456,-187.584553,-59.06208932,0.352082245,-187.4507545,-59.75998849,0.337877639,-187.1736491,-60.15127413,0.331718869
-186.6104073,-50.01416626,0.25131953,-189.4524364,-56.23505828,0.295375841,-189.2006276,-56.66545597,0.321742115,-188.9841845,-57.17128762,0.339343452,-188.7328143,-57.60680527,0.342464152,-188.4495283,-57.97702152,0.356837722,-188.2342332,-58.49270298,0.35668657,-187.9264408,-58.81352021,0.370971896,-187.6944276,-59.29798198,0.352194216,-187.5589811,-59.99605022,0.338019306,-187.2811346,-60.38722275,0.331889127
-186.7386973,-50.23710296,0.251323299,-189.5682745,-56.47261801,0.295468719,-189.3154009,-56.90248447,0.321815742,-189.0978397,-57.40823876,0.339426653,-188.8455335,-57.84353357,0.342543956,-188.5616312,-58.21377815,0.356916326,-188.3450711,-58.72915082,0.356784001,-188.0367452,-59.04985401,0.371068322,-187.8036755,-59.5341849,0.352299409,-187.666579,-60.23241818,0.338161818,-187.3880186,-60.62349269,0.332047821
-186.86642,-50.46037849,0.251323442,-189.6834893,-56.71049474,0.295555678,-189.4295521,-57.13982871,0.321883695,-189.2108718,-57.64550469,0.339503397,-188.9576282,-58.08057441,0.342618243,-188.6731078,-58.45084771,0.356988523,-188.4552829,-58.96590808,0.356875633,-188.146422,-59.28649668,0.371158207,-187.9122957,-59.77069523,0.352397459,-187.7735475,-60.46909184,0.338306503,-187.4943188,-60.86010386,0.33219027
-186.9932496,-50.68345252,0.251336036,-189.7980796,-56.94868645,0.295636824,-189.5430803,-57.37748724,0.321946136,-189.3232797,-57.88308416,0.339573767,-189.069098,-58.31792714,0.342687033,-188.7839578,-58.68822921,0.357053985,-188.5648677,-59.20297216,0.356960898,-188.2554704,-59.52344521,0.371241072,-188.0202868,-60.00751033,0.352488665,-187.879887,-60.70607263,0.338454784,-187.600052,-61.09707583,0.332313044
-187.1198197,-50.90740842,0.25134708,-189.9120433,-57.1871896,0.295712553,-189.6559844,-57.61545912,0.322003288,-189.4350628,-58.12097623,0.339637682,-189.1799423,-58.55559028,0.342749929,-188.8941804,-58.92592016,0.357112201,-188.6738245,-59.44034023,0.357039347,-188.3638888,-59.76069673,0.371316829,-188.1276477,-60.24462943,0.352573859,-187.9856018,-60.9433661,0.338606207,-187.7052381,-61.33443665,0.332414333
-187.2458205,-51.13170062,0.251354763,-190.0253773,-57.42599848,0.295783027,-189.7678886,-57.85302175,0.322087081,-189.5462203,-58.35917902,0.339694702,-189.2901604,-58.793561,0.34280632,-189.0037744,-59.1639171,0.357162579,-188.782152,-59.67800969,0.357111013,-188.4716765,-59.99825038,0.371385997,-188.2343781,-60.48205324,0.352654201,-188.0906997,-61.18097648,0.338756248,-187.8099015,-61.57222619,0.332497643
-187.371252,-51.35632952,0.251359293,-190.1380788,-57.66510773,0.295848201,-189.8795136,-58.09163082,0.322167696,-189.6567512,-58.59768938,0.33974415,-189.3997511,-59.03183628,0.342855583,-189.1127382,-59.40221652,0.357204807,-188.8898491,-59.91597974,0.357176329,-188.5788331,-60.23610673,0.371449415,-188.3404776,-60.71978257,0.352730799,-188.1951907,-61.4189095,0.338899811,-187.9140627,-61.81047685,0.332566237
-187.4961138,-51.58129432,0.251360677,-190.2501464,-57.90451434,0.295907684,-189.9905126,-58.33054883,0.322242361,-189.7666544,-58.8365041,0.33978537,-189.5083363,-59.26962748,0.342913853,-189.2206818,-59.63999126,0.357252171,-188.9969155,-60.15425078,0.357235943,-188.6853582,-60.47426656,0.371507927,-188.4459469,-60.95781768,0.352803914,-188.2990842,-61.65716967,0.339032061,-188.0177351,-62.04920502,0.332618037
-187.6204046,-51.80659306,0.251358739,-190.361581,-58.14421873,0.2959609,-190.1008844,-58.56977272,0.322310461,-189.8759286,-59.07562034,0.339818147,-189.6166418,-59.50851629,0.342980211,-189.3283559,-59.8789032,0.357310315,-189.103351,-60.39282344,0.357290359,-188.791252,-60.71273007,0.371561865,-188.550414,-61.19532489,0.352878924,-188.4023898,-61.89576049,0.339146739,-188.1209254,-62.28841252,0.332645466
-187.7441231,-52.0322233,0.251353215,-190.4720501,-58.38356096,0.296033243,-190.2106278,-58.80929905,0.322371567,-189.9845728,-59.31503704,0.339842828,-189.7243169,-59.7477058,0.343040328,-189.435398,-60.11811722,0.357362182,-189.2091556,-60.63169753,0.357339475,-188.896514,-60.95149503,0.371611017,-188.6545985,-61.43397267,0.352971524,-188.5051254,-62.13470312,0.339237854,-188.2236357,-62.52809081,0.332637957
-187.8672675,-52.25818213,0.25134409,-190.582193,-58.62388458,0.2961099,-190.3197412,-59.04912549,0.322425829,-190.0925867,-59.55475503,0.339860121,-189.8313615,-59.9871969,0.343094846,-189.541808,-60.35763356,0.357408059,-189.3143288,-60.87087048,0.35738283,-189.001143,-61.19055784,0.37165498,-188.7581482,-61.67291274,0.353061036,-188.6073184,-62.37404167,0.339306583,-188.3258661,-62.76822638,0.332584733
-187.9898344,-52.48446417,0.251332085,-190.6917063,-58.86451273,0.296180892,-190.4282238,-59.28925134,0.322473703,-190.1999701,-59.79477506,0.339870822,-189.9377754,-60.22698928,0.343143814,-189.6475853,-60.59744982,0.357447597,-189.4188693,-61.11033829,0.357419775,-189.1051375,-61.4299144,0.371693634,-188.8610577,-61.91213691,0.353150439,-188.708993,-62.6138141,0.339356584,-188.4276162,-63.00880601,0.332476983
-188.1118185,-52.71106063,0.251317787,-190.8005891,-59.10544499,0.296246606,-190.5360751,-59.52967713,0.322515808,-190.3063654,-60.03431461,0.339884376,-190.043558,-60.46708047,0.34318676,-189.7527287,-60.83756194,0.357480185,-189.5227747,-61.35009564,0.35745028,-189.208495,-61.6695607,0.37172792,-188.9633195,-62.15163215,0.353242763,-188.8101629,-62.85403874,0.339387511,-188.5288876,-63.24982203,0.332308397
-188.2332152,-52.93796384,0.251301481,-190.9088404,-59.34668051,0.29630731,-190.6432954,-59.77040365,0.322552546,-190.4124594,-60.27494935,0.339914864,-190.1487083,-60.70746664,0.343223027,-189.8572362,-61.0779651,0.357505334,-189.6260393,-61.59013108,0.357475865,-189.311212,-61.90949066,0.371759729,-189.0649281,-62.39138943,0.353340526,-188.9108349,-63.09472042,0.339393888,-188.6296843,-63.49127269,0.332074787
-188.3540229,-53.16517057,0.251283161,-191.0164596,-59.58821826,0.29636307,-190.7498844,-60.01142971,0.322583724,-190.5179207,-60.51587945,0.33993794,-190.2532243,-60.94814334,0.343252188,-189.9611057,-61.31865514,0.357523503,-189.7286544,-61.83042641,0.357497899,-189.4132828,-62.14969381,0.371790676,-189.1658844,-62.63140758,0.353443915,-189.0110122,-63.33585511,0.339367675,-188.7300129,-63.733161,0.331772875
-188.4742432,-53.39268314,0.251262088,-191.1234455,-59.83005554,0.296413473,-190.855841,-60.25275209,0.32260875,-190.6227476,-60.75709992,0.339953102,-190.3571036,-61.18910641,0.343274868,-190.0643333,-61.55962546,0.357536114,-189.8302392,-62.07012628,0.357533677,-189.5147035,-62.39016199,0.371821427,-189.2661947,-62.87169132,0.353549772,-189.1106957,-63.57743377,0.339300299,-188.8298826,-63.97549233,0.331398754
-188.5938805,-53.62050849,0.251237853,-191.229797,-60.07218833,0.296457892,-190.9611642,-60.49436706,0.322626973,-190.7269377,-60.99860679,0.339960924,-190.4603412,-61.4303458,0.343292893,-190.1669134,-61.80086483,0.357544219,-189.9315138,-62.31091451,0.35758029,-189.6154754,-62.63089578,0.371851222,-189.3658691,-63.11225358,0.353655597,-189.2098859,-63.81944668,0.339184177,-188.9293022,-64.21827038,0.330948116
-188.7129383,-53.84865255,0.251210495,-191.3355129,-60.31461277,0.296495766,-191.0658518,-60.73627034,0.322638473,-190.8304871,-61.24039288,0.339962929,-190.562928,-61.67184283,0.343307586,-190.2688417,-62.04236447,0.357548061,-190.0321338,-62.55194961,0.357623519,-189.7156033,-62.87190359,0.371879819,-189.4649181,-63.35310731,0.353759211,-189.3085845,-64.06188701,0.339013312,-189.0280023,-64.46086812,0.330436179
-188.8314177,-54.07711705,0.251180017,-191.4405911,-60.55732479,0.296527276,-191.1699002,-60.97845514,0.322644332,-190.9333894,-61.48244568,0.339960207,-190.6648575,-61.91358227,0.343319105,-190.3701189,-62.28412444,0.35754672,-190.1321086,-62.79325173,0.357662982,-189.815092,-63.11319491,0.371907894,-189.5633515,-63.59426001,0.35385586,-189.4067951,-64.3047522,0.338783286,-189.1265233,-64.70455875,0.329845313
-188.9493178,-54.30590112,0.251146162,-191.5450278,-60.80031682,0.296553707,-191.2733038,-61.22091088,0.322645437,-191.0356402,-61.72475531,0.339952992,-190.7661307,-62.15556469,0.343325605,-190.4707494,-62.52615361,0.357539832,-190.2314459,-63.03483849,0.357699831,-189.9139432,-63.35477383,0.371937096,-189.6611828,-63.8357251,0.353938747,-189.504524,-64.54804403,0.338490223,-189.2246107,-64.9486943,0.329166573
-189.0666374,-54.53500305,0.251108576,-191.6488164,-61.0435759,0.296576011,-191.3760579,-61.46362822,0.32264236,-191.1372399,-61.96732165,0.339940218,-190.8667555,-62.39780701,0.343326261,-190.5707382,-62.76846211,0.35752795,-190.3301492,-63.276718,0.357734837,-190.0117806,-63.59575627,0.371984211,-189.7584311,-64.07752994,0.354004339,-189.6014939,-64.79109494,0.338146013,-189.3222676,-65.19327244,0.32839747
-189.1833751,-54.76442077,0.251067021,-191.7519512,-61.28709037,0.296594699,-191.4781612,-61.70660337,0.322634915,-191.2381936,-62.21015491,0.339921507,-190.9667407,-62.64032809,0.343322234,-190.6700878,-63.01105518,0.357511676,-190.4282182,-63.51889048,0.357767534,-190.1093259,-63.83791797,0.372051237,-189.8551135,-64.31969918,0.354050786,-189.6982635,-65.03526947,0.337741231,-189.4194972,-65.4382907,0.327535508
-189.2995296,-54.99415217,0.251021428,-191.8544305,-61.53085538,0.296609551,-191.5796159,-61.94983995,0.322622223,-191.3385069,-62.45326666,0.33989757,-191.0660906,-62.8831384,0.343314735,-190.7687984,-63.25393387,0.357491133,-190.5256508,-63.761352,0.357796908,-190.2062292,-64.08036915,0.372125639,-189.9512463,-64.56225808,0.3540772,-189.7945747,-65.27987955,0.337260882,-189.5163034,-65.68374603,0.326577698
-189.4150993,-55.22419488,0.250971899,-191.956257,-61.77487582,0.296619415,-191.6801042,-62.19260224,0.322617235,-191.4381826,-62.69666296,0.339869135,-191.164806,-63.12624017,0.343303777,-190.8668692,-63.49709716,0.357466095,-190.6224444,-64.00409697,0.357822324,-190.3024927,-64.32310908,0.372205548,-190.046847,-64.80523673,0.354085842,-189.8904338,-65.52492618,0.336701407,-189.612691,-65.92963488,0.325521075
-189.5300828,-55.45454629,0.25091859,-192.0574373,-62.019165,0.296624027,-191.7802465,-62.43640282,0.322628494,-191.537221,-62.94034512,0.339836329,-191.2628852,-63.36963058,0.343288457,-190.9642989,-63.74054235,0.357436284,-190.7185962,-64.24712018,0.35784404,-190.3981198,-64.56613298,0.372287024,-190.1419298,-65.04865777,0.35407749,-189.9858458,-65.77040978,0.336059539,-189.7086651,-66.17595493,0.324363561
-189.6444787,-55.68520413,0.250861635,-192.157977,-62.26373497,0.296624006,-191.8797506,-62.68048688,0.322635392,-191.6356211,-63.18431168,0.339798824,-191.3603257,-63.6133041,0.343267732,-191.0610853,-63.98426568,0.357401817,-190.8141039,-64.49041783,0.357862993,-190.493114,-64.80943661,0.372366307,-190.2365048,-65.29253188,0.354048155,-190.0808155,-66.01632949,0.335331937,-189.804231,-66.42270493,0.323104243
-189.7582861,-55.91616671,0.250801055,-192.257586,-62.5079065,0.296631863,-191.9786162,-62.92485401,0.322637806,-191.7333814,-63.42855937,0.339756214,-191.4571246,-63.85725496,0.343241157,-191.1572254,-64.22826106,0.357363322,-190.908966,-64.73398787,0.357880455,-190.5874806,-65.05301825,0.372439246,-190.3305782,-65.53685814,0.35398952,-190.1753474,-66.2626835,0.334515428,-189.8993941,-66.66988557,0.32174357
-189.8715041,-56.1474322,0.250736835,-192.3568161,-62.75306074,0.296659601,-192.0768419,-63.16950169,0.322635285,-191.8304996,-63.67308422,0.339708445,-191.5529528,-64.10066875,0.343216424,-191.2527153,-64.47251985,0.357321323,-191.0031823,-64.97783022,0.357897376,-190.6812272,-65.2968776,0.372499776,-190.4241532,-65.78162794,0.35389137,-190.2694456,-66.50946955,0.333607256,-189.9941599,-66.91749921,0.320282765
-189.9841319,-56.37899837,0.250668886,-192.4554057,-62.9984978,0.296682153,-192.1744258,-63.41442614,0.322627588,-191.9269737,-63.91788252,0.339655915,-191.6484345,-64.34517333,0.343211348,-191.3471991,-64.716192,0.357300325,-191.0967531,-65.22194353,0.357914034,-190.7743686,-65.54103165,0.372541331,-190.5172327,-66.0268304,0.353743637,-190.3631141,-66.75668527,0.332605167,-190.0885346,-67.16554893,0.318723363
-190.0961684,-56.61086302,0.250597091,-192.5533528,-63.24421374,0.296698974,-192.2713651,-63.65962165,0.322614997,-192.0228019,-64.16295108,0.339599252,-191.7432698,-64.58994755,0.343202256,-191.4413542,-64.96097101,0.357283469,-191.1896778,-65.46632458,0.357930261,-190.866927,-65.78551782,0.372562343,-190.6098191,-66.27245598,0.353538011,-190.4563571,-67.00432821,0.3315074,-190.1825247,-67.41403843,0.317066782
-190.2076123,-56.84302422,0.250521517,-192.6506552,-63.49020458,0.296710088,-192.3676561,-63.90508062,0.322597826,-192.1179827,-64.40828765,0.339539092,-191.8374586,-64.83499056,0.343189249,-191.5348558,-65.20600403,0.357263135,-191.2819558,-65.71096971,0.357945887,-190.9589223,-66.03036966,0.372563549,-190.7019164,-66.51849987,0.353268172,-190.5491785,-67.25239599,0.330312797,-190.276137,-67.6629711,0.315314182
-190.3184628,-57.07548084,0.250442318,-192.747311,-63.73646697,0.296715909,-192.463296,-64.15079672,0.32257638,-192.2122055,-64.65308937,0.339477237,-191.9310006,-65.08030007,0.343172073,-191.6277063,-65.45129535,0.357239498,-191.373585,-65.95587488,0.357961911,-191.0503713,-66.27561532,0.372545104,-190.7932531,-66.76425617,0.352943447,-190.6415827,-67.50088684,0.329020814,-190.3693784,-67.91235015,0.313466724
-190.4287192,-57.3082323,0.250359699,-192.8433188,-63.98299862,0.296717027,-192.5582836,-64.39676716,0.322550742,-192.3060618,-64.89896942,0.339443467,-192.0238945,-65.32587197,0.34315013,-191.719907,-65.69684853,0.357213027,-191.4645635,-66.20103964,0.357980366,-191.1412894,-66.5212806,0.372507512,-190.8843696,-67.01115723,0.352559457,-190.7335742,-67.74979992,0.327631477,-190.4622551,-68.16217854,0.311525964
-190.5383809,-57.54127798,0.250273807,-192.9386779,-64.2297984,0.296713802,-192.6526195,-64.6429923,0.322520629,-192.3992692,-65.14511063,0.339405546,-192.116139,-65.57170177,0.343122772,-191.8114589,-65.94266594,0.357184298,-191.5548904,-66.44646621,0.358003749,-191.2316883,-66.76738177,0.372448322,-190.9750176,-67.25848307,0.352098304,-190.825158,-67.99913557,0.326145243,-190.5547723,-68.41245866,0.309494775
-190.6474476,-57.77461692,0.250184375,-193.0333877,-64.476864,0.296706059,-192.7463054,-64.88947488,0.322485912,-192.4918267,-65.39150926,0.339362979,-192.2077331,-65.81778769,0.343089734,-191.9023617,-66.18874855,0.357153757,-191.6445655,-66.6921575,0.358033974,-191.3215752,-67.01392337,0.372361239,-191.0652049,-67.50623654,0.351555846,-190.9163404,-68.24889547,0.324562599,-190.646733,-68.66270796,0.307398349
-190.7559187,-58.00824692,0.250091003,-193.1274474,-64.72419173,0.296693234,-192.8393425,-65.13621724,0.322446563,-192.5837335,-65.63816382,0.339315677,-192.298677,-66.0641307,0.343051149,-191.9926148,-66.43509542,0.357121683,-191.7335933,-66.93811758,0.358069184,-191.410954,-67.26090068,0.372237514,-191.1549383,-67.7544187,0.350927763,-191.0071278,-68.49908167,0.32288418,-190.7385218,-68.91392057,0.305226426
-190.8635308,-58.24159849,0.249994241,-193.2208559,-64.97177779,0.296674625,-192.931731,-65.38321947,0.322402606,-192.6749895,-65.88507499,0.339263887,-192.3889707,-66.31073222,0.343007349,-192.0822167,-66.68170403,0.357088353,-191.8219778,-67.18434411,0.358105704,-191.4998272,-67.50830418,0.372067783,-191.2442231,-68.00302817,0.350210087,-191.0975269,-68.74969673,0.321110922,-190.8299666,-69.16559695,0.302974256
-190.9707917,-58.47580896,0.249910798,-193.3136123,-65.21961914,0.296649812,-193.0234703,-65.63048111,0.322353956,-192.7655946,-66.13224365,0.339207986,-192.4786138,-66.55759249,0.342958641,-192.1711658,-66.92857104,0.357054222,-191.9094065,-67.42999102,0.358155032,-191.5881971,-67.75612427,0.371843335,-191.3330635,-68.25206345,0.349399759,-191.1873452,-69.00021714,0.319254135,-190.9210735,-69.4177397,0.300643835
-191.0774535,-58.71030281,0.249822863,-193.405716,-65.46771504,0.296618718,-193.1145601,-65.87800193,0.32230053,-192.8555485,-66.37966954,0.339148309,-192.5676054,-66.80470967,0.342905196,-192.2594601,-67.1756929,0.357019909,-191.9964942,-67.67675673,0.358210405,-191.676068,-68.00435474,0.371556468,-191.4214634,-68.50152215,0.348494035,-191.2769636,-69.25171738,0.317325691,-191.0118488,-69.67035064,0.29823696
-191.1835159,-58.94508037,0.249730951,-193.4971671,-65.71606668,0.296581537,-193.2049996,-66.1257812,0.322242315,-192.9448497,-66.62735036,0.339085072,-192.6559437,-67.05208021,0.342846998,-192.3470985,-67.42306703,0.356986125,-192.0829633,-67.92380145,0.358250022,-191.7634459,-68.25299326,0.371200924,-191.5094266,-68.75140159,0.347490335,-191.3662126,-69.50365588,0.31530807,-191.1022978,-69.92343035,0.295755555
-191.2889787,-59.18014225,0.249635702,-193.5879656,-65.96467508,0.296538559,-193.2947878,-66.37381727,0.322179366,-193.0334966,-66.8752821,0.339018277,-192.7436271,-67.29970053,0.342783941,-192.4340809,-67.67069233,0.356953253,-192.1688365,-68.1711636,0.358270908,-191.8503378,-68.50204098,0.370771636,-191.5969579,-69.00169937,0.346385887,-191.455098,-69.75603611,0.313203597,-191.192425,-70.17697842,0.293202195
-191.3938414,-59.41548844,0.249537532,-193.6781109,-66.21353978,0.296490004,-193.3836472,-66.62134296,0.322113564,-193.1214872,-67.12346077,0.338947816,-192.8306549,-67.54756819,0.342715674,-192.5204072,-67.91856698,0.356921421,-192.2541347,-68.41887698,0.35827256,-191.9364807,-68.75077564,0.370282994,-191.6840627,-69.2524125,0.345177993,-191.5436256,-70.00886142,0.311015039,-191.2822339,-70.43099438,0.290579925
-191.4981035,-59.65111662,0.249436258,-193.7676018,-66.46265806,0.296435968,-193.4720974,-66.86989442,0.322076436,-193.208821,-67.37188385,0.338873349,-192.9170269,-67.79568082,0.342641811,-192.6060774,-68.16668852,0.356890724,-192.3388717,-68.6669586,0.358251367,-192.0223996,-69.00066855,0.369724301,-191.7707466,-69.50353909,0.34386471,-191.6318005,-70.26213566,0.308745625,-191.371728,-70.68547681,0.287891708
-191.6017637,-59.8870228,0.249331408,-193.8561807,-66.71132549,0.296382092,-193.5598919,-67.11869339,0.322034716,-193.2954975,-67.62054913,0.338794381,-193.0027426,-68.04403609,0.342562055,-192.6910908,-68.41505387,0.356861737,-192.4230594,-68.91542072,0.358201887,-192.1078534,-69.25097907,0.369081272,-191.8570158,-69.75507842,0.342445061,-191.719628,-70.51586257,0.306398646,-191.4609109,-70.94042402,0.285140036
-191.7048205,-60.12320291,0.249222481,-193.9443235,-66.96094929,0.296353736,-193.6470301,-67.36773661,0.321987868,-193.3815168,-67.86945475,0.338710478,-193.0878018,-68.29263171,0.342476427,-192.775445,-68.66365966,0.356836582,-192.5067103,-69.16427914,0.358120388,-192.1928481,-69.50170838,0.368350367,-191.9428763,-70.00703111,0.340919152,-191.8071136,-70.77004601,0.303977132,-191.5497872,-71.19583376,0.282326669
-191.8072723,-60.35965312,0.249109544,-194.0318073,-67.21081454,0.296318896,-193.7335114,-67.61702083,0.321935271,-193.4668786,-68.11859882,0.338621434,-193.1722027,-68.54146505,0.342385897,-192.859138,-68.91250588,0.356818144,-192.5898351,-69.4135458,0.358003225,-192.2773892,-69.75285602,0.367527839,-192.0283345,-70.25939933,0.339287771,-191.8942634,-71.02468921,0.301483411,-191.6383613,-71.45170303,0.279453207
-191.9091161,-60.59636789,0.248994003,-194.1186319,-67.46091905,0.29627703,-193.8193352,-67.86654313,0.321876406,-193.5515814,-68.36797847,0.338527943,-193.2559434,-68.79053317,0.342291903,-192.9421681,-69.16159432,0.356809616,-192.6724406,-69.66322504,0.357846483,-192.3614816,-70.00442019,0.366609964,-192.113397,-70.512186,0.337552091,-191.9810832,-71.27979397,0.298919367,-191.726638,-71.7080291,0.276521455
-192.0103471,-60.8333382,0.248877262,-194.2047973,-67.71126118,0.296227814,-193.9045006,-68.11630042,0.321811363,-193.6356221,-68.6175877,0.338431404,-193.3387341,-69.03900823,0.342208059,-193.024539,-69.41093067,0.356810808,-192.7545309,-69.91331696,0.357645752,-192.4451301,-70.25639814,0.36559326,-192.1980699,-70.76539398,0.335714032,-192.0675787,-71.53536122,0.296286777,-191.8144734,-71.9644443,0.273555596
-192.1109614,-61.07055624,0.248760266,-194.2903026,-67.96183844,0.296171531,-193.9890053,-68.36628897,0.321741172,-193.7189963,-68.86741571,0.338332807,-193.4211191,-69.28854366,0.342143163,-193.1059719,-69.65968957,0.356830935,-192.8361085,-70.16381777,0.357395778,-192.5283386,-70.508786,0.36447491,-192.282153,-71.01848452,0.333800749,-192.1537543,-71.79139033,0.293587898,-191.9021402,-72.22169441,0.270547293
-192.2109575,-61.30801904,0.248643358,-194.3751451,-68.21264507,0.296109507,-194.0728464,-68.61650283,0.32166673,-193.8017002,-69.11745335,0.338232378,-193.5028402,-69.53830535,0.342076424,-193.1870412,-69.9095688,0.356856162,-192.917177,-70.41472378,0.357090513,-192.6111106,-70.76157998,0.363253382,-192.3660389,-71.27256366,0.331796259,-192.2396136,-72.04788007,0.290825616,-191.9895202,-72.47939551,0.267490685
-192.3103377,-61.54572999,0.248525609,-194.4593202,-68.46367038,0.29604272,-194.1560212,-68.86693671,0.321588585,-193.8834622,-69.36688947,0.338135217,-193.583899,-69.78829481,0.342007658,-193.2674897,-70.1597096,0.356863161,-192.9977425,-70.66603266,0.356722753,-192.6934495,-71.01477802,0.3619283,-192.4495524,-71.52707572,0.329697657,-192.3250226,-72.30441879,0.288003278,-192.0766173,-72.73754701,0.264389237
-192.4091064,-61.78369819,0.248406334,-194.5428239,-68.71490452,0.295971728,-194.2385293,-69.11758836,0.321506478,-193.9648016,-69.61736587,0.338061807,-193.6642966,-70.03851358,0.341937078,-193.3473266,-70.41011071,0.356843987,-193.077812,-70.91774195,0.356285349,-192.7753593,-71.26837932,0.360500074,-192.5326998,-71.78202486,0.327507348,-192.4102321,-72.56184312,0.285154421,-192.1634359,-72.99614795,0.261245985
-192.5072674,-62.02193142,0.248285491,-194.625655,-68.96634326,0.295896372,-194.3203718,-69.36845854,0.321419403,-194.0454792,-69.86806884,0.337984753,-193.7440332,-70.28896147,0.341865484,-193.4265671,-70.66079798,0.356794203,-193.1573932,-71.16985135,0.355772082,-192.856845,-71.52238501,0.358969441,-192.6154877,-72.03741465,0.325227521,-192.4951351,-72.81972223,0.282250233,-192.2499801,-73.25519708,0.258063634
-192.604822,-62.2604321,0.248163046,-194.7078155,-69.21798991,0.295815541,-194.401551,-69.61955145,0.321326713,-194.1254966,-70.1190025,0.337904685,-193.8231077,-70.53963738,0.341794258,-193.5052347,-70.91182579,0.356718177,-193.2364935,-71.42236128,0.355178086,-192.9379124,-71.77679727,0.357337125,-192.6979225,-72.29324851,0.322860436,-192.5797354,-73.0780536,0.27929308,-192.3362541,-73.51469287,0.254844801
-192.7017695,-62.49919915,0.248038639,-194.7893099,-69.46985484,0.295728841,-194.482069,-69.87087056,0.321228299,-194.2048535,-70.37016866,0.337822524,-193.9015187,-70.79053888,0.341724723,-193.583351,-71.16324307,0.356623497,-193.3151193,-71.67527268,0.354499836,-193.0185679,-72.03161856,0.355604112,-192.780011,-72.54952989,0.32040822,-192.6640366,-73.33683493,0.276285474,-192.4222616,-73.7746334,0.251592444
-192.7981085,-62.73823014,0.247911779,-194.8701421,-69.72194739,0.295636688,-194.5619252,-70.12241595,0.321124829,-194.2835488,-70.62156746,0.33773898,-193.9792643,-71.04166308,0.341658262,-193.6609304,-71.41507746,0.356511757,-193.3932767,-71.92858717,0.353734114,-193.098818,-72.28685198,0.353771748,-192.8617598,-72.80626155,0.317872695,-192.7480422,-73.59606393,0.273230371,-192.5080059,-74.03501721,0.248309854
-192.8938378,-62.97752224,0.24778216,-194.9503127,-69.97427085,0.295539944,-194.6411181,-70.37418579,0.321017161,-194.361581,-70.87319788,0.337654607,-194.0563431,-71.29300751,0.341596521,-193.737981,-71.66733595,0.356376377,-193.4707528,-72.18164436,0.352893648,-193.178669,-72.54250097,0.351841725,-192.9431758,-73.06344538,0.315255545,-192.8317555,-73.85573932,0.270131352,-192.5934901,-74.29584301,0.245000275
-192.9889557,-63.21707248,0.247649941,-195.029821,-70.22682533,0.295439217,-194.7196457,-70.62617659,0.320905945,-194.4389493,-71.125058,0.337569556,-194.1327537,-71.54457076,0.341541444,-193.8145064,-71.92001021,0.356205868,-193.5479673,-72.43578456,0.351973177,-193.2579217,-72.79800153,0.349844395,-193.0242649,-73.32108222,0.312558593,-192.9151796,-74.11586028,0.266992128,-192.6787177,-74.5571096,0.241666689
-193.0834598,-63.4568763,0.247515869,-195.1086652,-70.47960943,0.295334906,-194.797506,-70.87838479,0.320791549,-194.5156523,-71.37714309,0.337483623,-194.208495,-71.79635219,0.341495182,-193.8905074,-72.17308329,0.355987954,-193.6247315,-72.6903264,0.350954481,-193.3369689,-73.05451216,0.347755824,-193.1050309,-73.57917057,0.309785223,-192.9983178,-74.37642616,0.26381619,-192.7635753,-74.81854446,0.238339495
-193.1773469,-63.69692687,0.247380639,-195.1868439,-70.73262097,0.295227302,-194.8745179,-71.13021861,0.320673953,-194.5916884,-71.62944678,0.337396517,-194.2835677,-72.04835348,0.341458787,-193.9659846,-72.42653766,0.355712147,-193.7010512,-72.94526705,0.349834161,-193.4156365,-73.31144898,0.345575244,-193.1854761,-73.83770968,0.306940167,-193.0811743,-74.6374365,0.260606417,-192.8482758,-75.08070627,0.234995418
-193.2706145,-63.93721833,0.247244668,-195.2641334,-70.98515023,0.295122251,-194.9509549,-71.38268135,0.320587257,-194.6670564,-71.88196354,0.337308034,-194.3579759,-72.3005763,0.341430562,-194.0409402,-72.68036177,0.355370671,-193.7769315,-73.20060293,0.348609237,-193.4939303,-73.56881569,0.343305412,-193.2656027,-74.09669873,0.304028316,-193.1637533,-74.89889018,0.257365209,-192.9327326,-75.34330469,0.231633242
-193.3632617,-64.17774791,0.247107873,-195.3409446,-71.23861819,0.295044738,-195.0267796,-71.63554035,0.320497199,-194.7417553,-72.13469012,0.337218278,-194.4317235,-72.55301902,0.341407449,-194.115379,-72.93455205,0.354958228,-193.8523779,-73.45633038,0.347277335,-193.5718561,-73.82661627,0.340949397,-193.3452604,-74.35572248,0.301078411,-193.2459587,-75.16047166,0.254096221,-193.0169499,-75.6063383,0.228254742
-193.4552891,-64.41851605,0.246969819,-195.4170867,-71.4923003,0.294963083,-195.1019361,-71.88861033,0.320403237,-194.8157853,-72.38762626,0.337127624,-194.504815,-72.80568034,0.341386415,-194.1893088,-73.18911235,0.354470891,-193.9273955,-73.71244607,0.345836707,-193.6494195,-74.08485461,0.338510314,-193.4247338,-74.61562796,0.298075224,-193.3279674,-75.42282476,0.25083057,-193.100932,-75.86980568,0.224861567
-193.5466985,-64.65952568,0.246830217,-195.4925584,-71.74619118,0.294876893,-195.1764245,-72.14189085,0.320305301,-194.8891467,-72.64077358,0.337036704,-194.5772582,-73.05856356,0.341362224,-194.2627389,-73.44404958,0.353905005,-194.0019899,-73.96894695,0.344286261,-193.7266267,-74.34353474,0.335990992,-193.5039018,-74.87597892,0.295013136,-193.4097104,-75.68561611,0.247540111,-193.1846832,-76.1337054,0.221455247
-193.637491,-64.90077918,0.246688968,-195.5673592,-72.00028835,0.294785917,-195.250245,-72.39538199,0.320203332,-194.9618399,-72.89413345,0.336946299,-194.6490692,-73.31169137,0.3413268,-194.3356788,-73.6993701,0.353256897,-194.0761655,-74.22582956,0.342626063,-193.8034839,-74.60265969,0.333393815,-193.5827696,-75.13677276,0.291893895,-193.4911911,-75.94884436,0.244227436,-193.268207,-76.39803552,0.218037726
-193.7276667,-65.14227663,0.246546143,-195.6414893,-72.25459203,0.29469015,-195.3233974,-72.64908321,0.320097306,-195.0338648,-73.14770628,0.336857214,-194.72027,-73.56510526,0.341276532,-194.4081375,-73.95507869,0.352522592,-194.1499264,-74.48309173,0.34085759,-193.8799973,-74.86223155,0.330721014,-193.6613428,-75.39800731,0.288719332,-193.5724133,-76.21250835,0.240894946,-193.3515058,-76.66279436,0.214612107
-193.8172251,-65.3840173,0.246401595,-195.7149491,-72.5091031,0.294589759,-195.3958811,-72.90299297,0.319987386,-195.1052209,-73.4014917,0.336770222,-194.7906669,-73.81807366,0.341210185,-194.4799136,-74.21051588,0.35172027,-194.2232769,-74.74073224,0.338983001,-193.9561725,-75.12225151,0.327974811,-193.739627,-75.65968075,0.285491271,-193.6533809,-76.47660698,0.237544602,-193.4345818,-76.92798113,0.211181944
-193.9061655,-65.62600065,0.246255138,-195.7877383,-72.7638214,0.294485065,-195.4676949,-73.15710991,0.319873949,-195.1759075,-73.65548837,0.336686066,-194.8606743,-74.07216495,0.341154869,-194.5514037,-74.46702161,0.350834144,-194.2962212,-74.99875017,0.3370046,-194.0320148,-75.38271951,0.325157692,-193.817628,-75.92179153,0.282211539,-193.7340984,-76.74113883,0.23417793,-193.5173547,-77.19338354,0.207766213
-193.9944873,-65.86822576,0.246106706,-195.8598562,-73.01874623,0.294376487,-195.5388381,-73.41143292,0.319757436,-195.2459233,-73.90969388,0.336605781,-194.9301147,-74.3266054,0.341073839,-194.6224313,-74.72391582,0.349850686,-194.3687654,-75.25714567,0.334923659,-194.1075286,-75.64363481,0.322272257,-193.8953505,-76.18433718,0.278882751,-193.81457,-77.00610245,0.230796338,-193.5999658,-77.45943998,0.204366582
-194.0819704,-66.11011607,0.245966924,-195.9313017,-73.27387628,0.294264343,-195.6093098,-73.66596108,0.319638211,-195.315021,-74.16328622,0.336552548,-194.9989985,-74.58140974,0.340963354,-194.6930017,-74.98119636,0.348766409,-194.4409162,-75.51591738,0.332740661,-194.1825787,-75.90455102,0.319332375,-193.9727963,-76.44731466,0.275510057,-193.8947997,-77.27149621,0.227401448,-193.6823642,-77.72592199,0.200968666
-194.169035,-66.35282538,0.245834552,-196.0020739,-73.52920982,0.294148794,-195.6791096,-73.92069325,0.319516272,-195.3836574,-74.41790555,0.336519846,-195.0673358,-74.83659015,0.340819411,-194.7631202,-75.23886073,0.347578265,-194.5126801,-75.77506312,0.330456142,-194.2574219,-76.16637468,0.316349758,-194.0499663,-76.71072361,0.272099969,-193.9747909,-77.53731858,0.223995378,-193.7645543,-77.99282807,0.197573385
-194.2554773,-66.59576947,0.24570069,-196.0721721,-73.78474498,0.294029625,-195.7482369,-74.1756263,0.319391386,-195.4516177,-74.67272433,0.336496004,-195.1351348,-75.09215223,0.340636457,-194.8327921,-75.49690655,0.34628383,-194.5838967,-76.03408357,0.328100331,-194.3319505,-76.42863927,0.313305427,-194.1268615,-76.97456393,0.268658941,-194.0544598,-77.80333581,0.220597118,-193.8465404,-78.26015679,0.194181483
-194.3412964,-66.83894583,0.245565374,-196.1415957,-74.04047844,0.293906415,-195.8166907,-74.43075555,0.319263161,-195.5189037,-74.92774266,0.336480533,-195.2024023,-75.34809545,0.340407435,-194.9020229,-75.75533169,0.34488133,-194.6548784,-76.29398656,0.325648035,-194.4061693,-76.69134215,0.310201543,-194.2033637,-77.2385272,0.265221953,-194.1339569,-78.07002813,0.217206208,-193.9283271,-78.52790664,0.190793468
-194.4264916,-67.08235156,0.245428247,-196.2103437,-74.2964059,0.293778681,-195.8844699,-74.68607644,0.319131308,-195.585519,-75.18295914,0.33647098,-195.2691439,-75.60441567,0.340124545,-194.9708183,-76.01413429,0.343369471,-194.7254886,-76.55425584,0.323101382,-194.4800832,-76.95448094,0.307040415,-194.2796962,-77.50325137,0.26175964,-194.2132277,-78.3371462,0.213808616,-194.0099188,-78.796076,0.187409703
-194.5110625,-67.32598355,0.245288842,-196.2784153,-74.55252334,0.293646082,-195.9515736,-74.94158638,0.318996007,-195.6514678,-75.43837346,0.336465018,-195.3353656,-75.86110797,0.339780036,-195.0391841,-76.27331234,0.341747312,-194.7957319,-76.81489026,0.320464143,-194.5536971,-77.21805367,0.303824555,-194.3557708,-77.7684061,0.258271335,-194.2922775,-78.60468826,0.210404338,-194.0913203,-79.06466327,0.184030507
-194.5950085,-67.569839,0.24514672,-196.3458095,-74.80882781,0.293508769,-196.0180013,-75.1972853,0.318857859,-195.716756,-75.69398851,0.336459361,-195.4010733,-76.11816867,0.339366779,-195.107126,-76.53286374,0.340014284,-194.8656132,-77.07588899,0.317739995,-194.627016,-77.48205887,0.300556583,-194.4315931,-78.03398839,0.254757643,-194.3711115,-78.87265246,0.206993313,-194.1724842,-79.33350456,0.180658821
-194.6783288,-67.81391509,0.245001915,-196.4125257,-75.0653182,0.293367178,-196.0837527,-75.45317383,0.318717666,-195.7813934,-75.94980817,0.336446744,-195.4662741,-76.37559633,0.338878542,-195.1746499,-76.79278632,0.338170134,-194.9351378,-77.33725077,0.314932373,-194.700045,-77.74649534,0.297239136,-194.5071674,-78.29999565,0.251220609,-194.4497333,-79.14103597,0.203576677,-194.2534911,-79.60293647,0.17732001
-194.7610214,-68.05820824,0.244855536,-196.4783661,-75.32128469,0.293236301,-196.1486233,-75.70847524,0.318583061,-195.845396,-76.20585065,0.336417506,-195.5309752,-76.63339165,0.338309972,-195.2417618,-77.05307797,0.336214939,-195.004311,-77.59897425,0.312044751,-194.7727889,-78.01136171,0.293875061,-194.5824973,-78.56642674,0.247663085,-194.5281446,-79.40983723,0.200157617,-194.3343201,-79.87278139,0.173987528
-194.8430836,-68.30271279,0.244708692,-196.5436905,-75.57815635,0.293125748,-196.2129892,-75.96475101,0.318476183,-195.9087846,-76.46215523,0.336366757,-195.5951844,-76.89155669,0.337656272,-195.3084676,-77.31373665,0.334149127,-195.0731378,-77.8610577,0.309080932,-194.8452517,-78.27665648,0.290467702,-194.6575863,-78.83328066,0.244087812,-194.6063468,-79.67905573,0.19673993,-194.4149752,-80.14303799,0.170661992
-194.9245128,-68.54742368,0.244562151,-196.608336,-75.83521278,0.293012046,-196.2766779,-76.22121231,0.318368024,-195.9715769,-76.71875545,0.336292877,-195.6589097,-77.15009363,0.336912867,-195.3747735,-77.57476044,0.331973489,-195.141622,-78.12349888,0.306045743,-194.9174376,-78.5423787,0.287020525,-194.7324387,-79.10055659,0.240497113,-194.6842875,-79.94850601,0.193327799,-194.4954605,-80.41370488,0.167343793
-195.0053083,-68.79233884,0.244416026,-196.6723022,-76.09245114,0.292894948,-196.3396888,-76.47785565,0.318258583,-196.0337863,-76.97567917,0.33619569,-195.7221586,-77.409004,0.336075242,-195.4405377,-77.83563722,0.329707842,-195.2097673,-78.3862968,0.302944704,-194.9892342,-78.80819781,0.283563185,-194.8070587,-79.36825354,0.236892807,-194.7620516,-80.21857305,0.189951923,-194.57578,-80.68478061,0.164033165
-195.0854713,-69.03745931,0.244269333,-196.7355884,-76.34986802,0.292774137,-196.402021,-76.73467805,0.318148347,-196.0954248,-77.2329543,0.336076514,-195.7849386,-77.66828818,0.335139007,-195.5060326,-78.09740152,0.327349567,-195.277577,-78.64945069,0.299783383,-195.0608501,-79.07478779,0.280077689,-194.8813678,-79.63613517,0.233293633,-194.8396176,-80.48905561,0.186582041,-194.6559382,-80.95626378,0.160730149
-195.1650041,-69.28278931,0.244121186,-196.7981937,-76.60746005,0.292649608,-196.4636735,-76.99167816,0.318038376,-196.1565021,-77.49059901,0.335933892,-195.8472555,-77.92794455,0.334100825,-195.5711425,-78.35952458,0.324888903,-195.3450553,-78.91296014,0.296566861,-195.1322007,-79.34180133,0.276562121,-194.9555094,-79.90468445,0.229696898,-194.9169902,-80.75995209,0.183218233,-194.7359395,-81.22815298,0.15743438
-195.2439085,-69.52833223,0.243971113,-196.8601168,-76.86522361,0.292521881,-196.5246455,-77.24885563,0.317929976,-196.2170267,-77.74862112,0.335761061,-195.9089534,-78.18737785,0.332977645,-195.635872,-78.62200564,0.322329493,-195.4120863,-79.17644707,0.293323366,-195.2032893,-79.60923732,0.2730198,-195.0294298,-80.17364935,0.226092704,-194.994174,-81.03126083,0.179860616,-194.8157443,-81.50033113,0.154155379
-195.3221846,-69.77408796,0.243819192,-196.9213561,-77.1231541,0.292391449,-196.5849368,-77.5062108,0.317824378,-196.2770072,-78.00701788,0.335546753,-195.9703319,-78.44778949,0.331760519,-195.7002269,-78.88484484,0.319674403,-195.478892,-79.44068333,0.290037489,-195.2741199,-79.87709475,0.269453849,-195.1031308,-80.44302932,0.22248504,-195.0711734,-81.3029803,0.176509403,-194.8954221,-81.77303966,0.150898624
-195.399831,-70.0200543,0.243666013,-196.9819105,-77.38124765,0.292258649,-196.6445477,-77.7637436,0.317722146,-196.3364507,-78.26577932,0.335278589,-196.0312636,-78.70856826,0.330434625,-195.7642137,-79.1480408,0.316925707,-195.5453829,-79.70527214,0.286706669,-195.3446962,-80.14537263,0.26586706,-195.1766143,-80.71282394,0.218877691,-195.1479931,-81.57510904,0.173164737,-194.9749565,-82.04614836,0.147647209
-195.4768455,-70.26622764,0.24351213,-197.0417795,-77.63950228,0.292123416,-196.7034784,-78.02145204,0.317623351,-196.3952069,-78.52421509,0.334948181,-196.0917554,-78.96971142,0.328997072,-195.8278393,-79.41159183,0.31408545,-195.611564,-79.97021211,0.283334233,-195.4150223,-80.41406985,0.262261998,-195.2498837,-80.98303347,0.215273294,-195.2246371,-81.84764544,0.169826921,-195.05435,-82.31965633,0.144402782
-195.5532262,-70.51260444,0.243358009,-197.1009636,-77.89791792,0.291985338,-196.7617291,-78.27933312,0.317528042,-196.4535684,-78.78369193,0.334573938,-196.1518144,-79.2312157,0.327445087,-195.8911101,-79.67549578,0.311156109,-195.6774408,-80.23550196,0.279923442,-195.4851023,-80.68318534,0.258641086,-195.3229433,-81.25365709,0.211672934,-195.3010625,-82.12045166,0.166504765,-195.1336045,-82.5935628,0.141167063
-195.6289722,-70.75918254,0.243203722,-197.1594639,-78.15649649,0.291844192,-196.8192992,-78.5373827,0.317437046,-196.5114117,-79.04351105,0.334120815,-196.2114478,-79.49307796,0.325776592,-195.9540313,-79.93974991,0.308141426,-195.7430183,-80.50114043,0.276477373,-195.5549402,-80.95271799,0.25500667,-195.3957979,-81.52469336,0.208077229,-195.3773368,-82.39381081,0.163214433,-195.2127227,-82.86786707,0.137941486
-195.7040834,-71.00596041,0.243049043,-197.2172809,-78.41523941,0.29170001,-196.8761863,-78.79559726,0.317352891,-196.5687435,-79.30367492,0.333585229,-196.270662,-79.75529447,0.323990868,-196.0166074,-80.20435294,0.305046063,-195.8083018,-80.76712619,0.272998923,-195.6244544,-81.22241054,0.251380155,-195.4683984,-81.79595521,0.204490784,-195.4534433,-82.66757393,0.159936162,-195.2917075,-83.14256837,0.134726825
-195.7785599,-71.25293719,0.242893801,-197.2744143,-78.67414634,0.291553151,-196.932388,-79.05397586,0.317279023,-196.625571,-79.56418881,0.332964159,-196.3294625,-80.01786321,0.322088871,-196.0788432,-80.46930389,0.301874826,-195.8732966,-81.03345789,0.269490838,-195.6937929,-81.4927893,0.247756055,-195.54083,-82.06782568,0.200935777,-195.5293845,-82.94174025,0.156671667,-195.3705304,-83.41757704,0.131529671
-195.8524017,-71.50011209,0.242737877,-197.3308637,-78.93321683,0.291403968,-196.9879023,-79.31251838,0.31721905,-196.6819025,-79.82505766,0.332254067,-196.3878548,-80.28078296,0.320072249,-196.1407435,-80.73460187,0.298632448,-195.9380079,-81.30013426,0.265955677,-195.7629018,-81.76358159,0.244124456,-195.6130698,-82.34010406,0.197387752,-195.6051632,-83.21630888,0.153422355,-195.4492348,-83.69307956,0.128363679
-195.9256087,-71.74748392,0.242581162,-197.3866283,-79.19245075,0.29125286,-197.0427304,-79.5712279,0.317173977,-196.737746,-80.08628478,0.331450955,-196.4458446,-80.54405265,0.317942953,-196.2022035,-80.99986685,0.295344913,-196.0024408,-81.56715398,0.262395788,-195.8317851,-82.03478627,0.240487401,-195.6851215,-82.61278921,0.193847821,-195.6807822,-83.49127886,0.150189516,-195.5278159,-83.96897534,0.125209568
-195.9981808,-71.9950517,0.242423443,-197.4417079,-79.45184762,0.291100214,-197.096878,-79.83010694,0.317140574,-196.7931093,-80.34787176,0.330550586,-196.5034378,-80.80767138,0.315702937,-196.2634219,-81.26587285,0.292003484,-196.066527,-81.83423297,0.258819011,-195.9004466,-82.30640225,0.236846863,-195.7569893,-82.88588002,0.190316811,-195.7562448,-83.76664936,0.14697403,-195.6062764,-84.24526345,0.12206832
-196.0701179,-72.24281491,0.242264508,-197.4959226,-79.71069643,0.290976115,-197.1503508,-80.08915311,0.317114619,-196.8479995,-80.60981823,0.329548731,-196.5606406,-81.07163782,0.313354199,-196.3243208,-81.53222285,0.288603457,-196.1303952,-82.10195111,0.255243189,-195.9688904,-82.57842842,0.23320469,-195.8286775,-83.15937522,0.186795217,-195.8315242,-84.04231353,0.143777482,-195.684619,-84.52194294,0.118940907
-196.1414199,-72.4907727,0.242104261,-197.5495944,-79.97041885,0.290858895,-197.2029749,-80.3476118,0.317117934,-196.9024233,-80.8721227,0.328441503,-196.6174591,-81.33595046,0.310898959,-196.3849057,-81.79891594,0.285148782,-196.1940025,-82.37000825,0.251646894,-196.0371207,-82.8508638,0.229562442,-195.9001906,-83.43327351,0.183283357,-195.9066616,-84.31849341,0.140623086,-195.7628463,-84.79901289,0.115828343
-196.212086,-72.73892351,0.241942924,-197.6025788,-80.23029391,0.290740148,-197.2550888,-80.60700753,0.317126255,-196.9563871,-81.13478294,0.327225415,-196.6737919,-81.60015999,0.3083517,-196.4451823,-82.06595098,0.2816431,-196.2573541,-82.63840235,0.248031621,-196.1051419,-83.12370724,0.225921374,-195.9715329,-83.70757355,0.179781365,-195.9816562,-84.59506966,0.137483826,-195.840961,-85.07647236,0.112731749
-196.2821154,-72.98726619,0.241780785,-197.6548752,-80.49031857,0.290619957,-197.3065604,-80.86659736,0.317120531,-197.0098974,-81.3977963,0.325897431,-196.7298333,-81.86517727,0.305722123,-196.5051561,-82.33332673,0.278089896,-196.3204544,-82.90713172,0.244399627,-196.1728993,-83.39675904,0.222292133,-196.0426622,-83.98213959,0.176300824,-196.0565126,-84.87204085,0.134359081,-195.9189336,-85.35425709,0.109665904
-196.3515072,-73.23580016,0.241618192,-197.7064831,-80.7504911,0.290498661,-197.3574107,-81.1264336,0.317098018,-197.0629611,-81.66116028,0.324454791,-196.7855092,-82.13053601,0.302994354,-196.5648324,-82.60104132,0.274492954,-196.3833076,-83.17619528,0.240753466,-196.2404892,-83.67042813,0.218685766,-196.1136528,-84.25725123,0.172844525,-196.1312352,-85.14940558,0.131248273,-195.9968082,-85.63250239,0.106628815
-196.4202609,-73.4845248,0.24145545,-197.7574021,-81.01081061,0.290376754,-197.407659,-81.38656074,0.317059118,-197.1155852,-81.92487224,0.322895082,-196.8408255,-82.39623503,0.300171921,-196.6242149,-82.86909282,0.270857122,-196.4459179,-83.44559194,0.23709553,-196.3078833,-83.94450094,0.215083542,-196.1844873,-84.53275971,0.169396402,-196.2058282,-85.42716247,0.128150798,-196.0745787,-85.91113441,0.10361028
-196.488312,-73.73320553,0.241292872,-197.8076321,-81.27127642,0.290254779,-197.4573191,-81.64700147,0.317000342,-197.1677772,-82.18892964,0.321216467,-196.8957888,-82.66227341,0.297258365,-196.6833071,-83.13748049,0.267187713,-196.5082889,-83.7153204,0.233428283,-196.3750856,-84.21897639,0.211486905,-196.2551686,-84.80866304,0.165957557,-196.2802954,-85.70530999,0.125066566,-196.1522479,-86.19015218,0.100611039
-196.5556761,-73.98196302,0.24114869,-197.8571727,-81.53188766,0.290133253,-197.5064017,-81.90776625,0.316914293,-197.2194173,-82.45281815,0.319443986,-196.9504055,-82.92864995,0.294257134,-196.7421124,-83.40620372,0.26348986,-196.5704244,-83.9853795,0.229754364,-196.4420999,-84.49385344,0.207897125,-196.3256982,-85.08496054,0.162530627,-196.3546107,-85.98377107,0.122005087,-196.2298189,-86.46955472,0.097631824
-196.6224945,-74.23125033,0.241004611,-197.9060235,-81.79264304,0.290012642,-197.5549169,-82.16886228,0.316793202,-197.2707364,-82.71757457,0.31755798,-197.0046824,-83.19536344,0.291171763,-196.8005647,-83.67497652,0.259775949,-196.6323279,-84.25576828,0.22607638,-196.5089306,-84.76913117,0.204315064,-196.3960777,-85.36165175,0.159118349,-196.4288111,-86.26270591,0.118975653,-196.3072945,-86.74934104,0.094673516
-196.6886717,-74.48071395,0.240859418,-197.9541842,-82.05354099,0.289893428,-197.6028743,-82.43029328,0.316628707,-197.3216419,-82.98266936,0.315554352,-197.0586259,-83.46241258,0.288005958,-196.8587857,-83.94438589,0.256060304,-196.6939383,-84.52628406,0.222415086,-196.5755823,-85.04480838,0.200741167,-196.4663096,-85.63873653,0.155722511,-196.5028942,-86.54202824,0.115962475,-196.3846579,-87.02946156,0.091742935
-196.7542068,-74.73035157,0.24071318,-198.0016544,-82.31457979,0.289776172,-197.6502832,-82.69205861,0.316411737,-197.3721393,-83.24810166,0.313435452,-197.1122425,-83.72979591,0.28476379,-196.9167367,-84.21412894,0.252324134,-196.7553678,-84.79734359,0.218759992,-196.6420595,-85.32088379,0.197175689,-196.5363651,-85.9161119,0.152349973,-196.5768625,-86.82173725,0.112966702,-196.4619291,-87.31002122,0.088852383
-196.8190994,-74.98016324,0.240566248,-198.0484335,-82.57575771,0.289661597,-197.6971524,-82.95415482,0.316133031,-197.4222348,-83.51387167,0.311203401,-197.1655383,-83.99751233,0.281449568,-196.9744233,-84.48420402,0.24856947,-196.8165815,-85.06873006,0.215102723,-196.7083109,-85.59720987,0.193639102,-196.6062941,-86.19399275,0.149009156,-196.6507188,-87.10183208,0.10998942,-196.5391136,-87.59096197,0.085985007
-196.8833495,-75.23014967,0.240419117,-198.094521,-82.83707303,0.289550605,-197.7434909,-83.21657809,0.315783683,-197.4719359,-83.77997845,0.308859508,-197.2185194,-84.26556077,0.278067607,-197.0318508,-84.7546096,0.24479872,-196.8775857,-85.3404417,0.211442887,-196.7744246,-85.87408759,0.190120848,-196.6760922,-86.47226276,0.145680129,-196.7244658,-87.38231186,0.10703167,-196.6162151,-87.87228273,0.083140812
-196.9469568,-75.48031097,0.240272128,-198.1399164,-83.09852398,0.289444233,-197.7893076,-83.47932575,0.315355709,-197.52125,-84.04642045,0.30640505,-197.2711266,-84.53361528,0.274624045,-197.0890241,-85.02534454,0.241014422,-196.9383854,-85.61247606,0.207780751,-196.8403728,-86.15135931,0.186615859,-196.7457624,-86.75092004,0.142363455,-196.798107,-87.66317578,0.104094049,-196.6932373,-88.1539823,0.080319565
-197.0099211,-75.73064521,0.240125246,-198.1846195,-83.36010932,0.289343317,-197.8346116,-83.74239727,0.314842175,-197.5701848,-84.31319612,0.303841619,-197.3234728,-84.8023409,0.271146749,-197.1459482,-85.29640775,0.237218911,-196.9989848,-85.8848316,0.204117742,-196.9061577,-86.42902464,0.183126393,-196.8153068,-87.02996389,0.139061246,-196.8716085,-87.94437221,0.101199956,-196.7701842,-88.43605947,0.077521071
-197.0722416,-75.98114876,0.239978191,-198.2286314,-83.62182888,0.289248041,-197.8794124,-84.00579425,0.314236978,-197.6187479,-84.58030382,0.301171158,-197.3755252,-85.07139526,0.267612326,-197.2026285,-85.56779843,0.233413957,-197.0593878,-86.15750725,0.20045551,-196.9717831,-86.70708343,0.17965353,-196.8847273,-87.30939373,0.135775688,-196.9450282,-88.22600973,0.098325087,-196.8470443,-88.71847922,0.074751028
-197.1339175,-76.23181782,0.239830619,-198.2718204,-83.88297219,0.289173646,-197.9237194,-84.26951937,0.31353455,-197.6669469,-84.84774209,0.298395955,-197.4272902,-85.34077672,0.26402434,-197.259071,-85.83951553,0.22960056,-197.1195982,-86.43050194,0.196795581,-197.0372533,-86.98553457,0.176197288,-196.9540267,-87.58920919,0.132508228,-197.0183542,-88.50802763,0.095469297,-196.9238317,-89.00131555,0.072019237
-197.1949482,-76.48264927,0.239682434,-198.3144163,-84.14496509,0.2891292,-197.967421,-84.53301611,0.312757845,-197.7147893,-85.11550957,0.295518554,-197.4787736,-85.61048343,0.260386995,-197.3152821,-86.1115576,0.225779374,-197.1795866,-86.70366373,0.193139558,-197.1025729,-87.26437681,0.172757498,-197.0231759,-87.86933602,0.129273364,-197.0915901,-88.79042481,0.092632856,-197.0005546,-89.28452595,0.069310413
-197.2553329,-76.73364182,0.239533926,-198.3563205,-84.40708554,0.289094274,-198.0107421,-84.79742287,0.311876158,-197.7622825,-85.38360477,0.292541904,-197.5299807,-85.8805145,0.256705136,-197.3712038,-86.38372841,0.221974443,-197.239402,-86.97730371,0.189511978,-197.1677032,-87.54349848,0.169350794,-197.0922242,-88.14992925,0.126064796,-197.1647392,-89.07320027,0.089816156,-197.0772162,-89.56810942,0.066624997
-197.3150712,-76.98479545,0.23938559,-198.3975274,-84.66933217,0.289075689,-198.0535997,-85.0621636,0.310879978,-197.8093431,-85.65165545,0.289494675,-197.5809165,-86.15086913,0.252983489,-197.4269452,-86.65642636,0.218166161,-197.2990372,-87.25125934,0.185889852,-197.2327141,-87.8231303,0.165966204,-197.1611648,-88.43090429,0.122872948,-197.2378048,-89.35635301,0.087019578,-197.1538196,-89.852065,0.063963491
-197.3741627,-77.23611024,0.239237944,-198.4380315,-84.9317033,0.289080688,-198.0960031,-85.32723768,0.309764218,-197.8561304,-85.92041612,0.286361757,-197.6315863,-86.42154651,0.24922656,-197.4824694,-86.92944375,0.214355293,-197.3584973,-87.5255301,0.182273561,-197.2975918,-88.10314895,0.162593556,-197.2300009,-88.71225988,0.119698797,-197.3107596,-89.63984646,0.084264568,-197.2303682,-90.13639174,0.061326351
-197.4326074,-77.48758574,0.239091127,-198.4778306,-85.19420486,0.289114285,-198.1379611,-85.59264393,0.308524707,-197.9025876,-86.18950042,0.283142807,-197.6819953,-86.69254579,0.245438624,-197.53778,-87.20277982,0.210544803,-197.4177879,-87.80011464,0.178662245,-197.3623416,-88.38355253,0.159231611,-197.2987349,-88.99399529,0.116543963,-197.3836488,-89.92375809,0.081530376,-197.3068487,-90.42106777,0.058724204
-197.4904051,-77.73921977,0.238944846,-198.5169344,-85.45684766,0.289170872,-198.1794821,-85.85838091,0.307158055,-197.9487212,-86.45890791,0.279842575,-197.7321486,-86.96386611,0.241623756,-197.5928811,-87.47643436,0.206736916,-197.4769153,-88.07501137,0.175054699,-197.4269675,-88.66433912,0.155880614,-197.3673695,-89.27610979,0.113410023,-197.456465,-90.20804384,0.078817101,-197.383281,-90.70614025,0.056153686
-197.5475555,-77.99100895,0.238798628,-198.5553607,-85.71962876,0.289234834,-198.2205746,-86.12444661,0.305661499,-197.9945379,-86.72863774,0.276465433,-197.7820082,-87.23527677,0.23778703,-197.6477782,-87.75040657,0.202932598,-197.5358849,-88.35021844,0.171450021,-197.4914724,-88.94550781,0.152541896,-197.4358887,-89.55854782,0.110303712,-197.5292121,-90.49270278,0.076124975,-197.4596708,-90.99158035,0.053605324
-197.6040581,-78.24294991,0.238652019,-198.5931281,-85.98254379,0.289289945,-198.261246,-86.3908374,0.304033625,-198.0400447,-86.99868897,0.273015661,-197.8316436,-87.50725027,0.233954683,-197.7024768,-88.02469513,0.199132268,-197.5947005,-88.62573352,0.167849187,-197.5558382,-89.22697103,0.149218255,-197.5043197,-89.84142675,0.107230655,-197.6018938,-90.77773382,0.073453762,-197.5360224,-91.27738681,0.0510781
-197.6599123,-78.49503975,0.238504987,-198.6302534,-86.24558616,0.289321654,-198.3015025,-86.65755031,0.302274905,-198.0852483,-87.2690604,0.269497672,-197.8810421,-87.7795423,0.230103772,-197.7569824,-88.29929864,0.195336223,-197.6533645,-88.90155558,0.164254554,-197.6200889,-89.50891011,0.145931204,-197.5726691,-90.1246809,0.104173173,-197.6745025,-91.06310747,0.070807779,-197.6123397,-91.56355844,0.048571282
-197.7151175,-78.74727714,0.238357865,-198.6667498,-86.5087527,0.289318969,-198.3413501,-86.92458346,0.300386891,-198.1301547,-87.53975039,0.265916558,-197.9302103,-88.05215161,0.226236224,-197.8112642,-88.57407196,0.191552536,-197.7118377,-89.17758511,0.160688826,-197.6842289,-89.79122863,0.142659529,-197.640942,-90.40830809,0.101130143,-197.7470491,-91.34888567,0.068195698,-197.6886206,-91.85007906,0.046085822
-197.7696731,-78.99966172,0.238211123,-198.7026334,-86.77207943,0.289273681,-198.3807952,-87.19193556,0.298371668,-198.1747694,-87.81075806,0.262277923,-197.9791549,-88.32507667,0.222353913,-197.8653776,-88.84931111,0.187790092,-197.7701876,-89.45402841,0.157133751,-197.7482616,-90.07392567,0.139404245,-197.709141,-90.69230703,0.098103241,-197.8195441,-91.63503206,0.065602034,-197.7648649,-92.13698318,0.043634142
-197.8235788,-79.25219313,0.238065217,-198.7379247,-87.0356398,0.289187781,-198.419846,-87.4596073,0.296230096,-198.219098,-88.08208278,0.258587328,-198.0278819,-88.59831603,0.218458979,-197.9193134,-89.12486085,0.184033451,-197.8283979,-89.73077704,0.153587773,-197.8121907,-90.35700043,0.136166184,-197.7772673,-90.97667731,0.09509532,-197.8919922,-91.92154541,0.063026018,-197.8410864,-92.42424906,0.041200325
-197.8768343,-79.50487047,0.23792032,-198.7726428,-87.29949781,0.289068023,-198.4585127,-87.72759844,0.293961925,-198.2630946,-88.35345865,0.254858546,-198.0763973,-88.87186856,0.214553645,-197.9730763,-89.40071997,0.18028331,-197.8864744,-90.00782954,0.15004998,-197.8760204,-90.64045203,0.132945626,-197.8453068,-91.26137946,0.092115377,-197.9643977,-92.20842449,0.060466952,-197.9172892,-92.71187558,0.038783349
-197.929439,-79.75769157,0.237776421,-198.8068028,-87.56368888,0.288914013,-198.4967232,-87.99551147,0.29159251,-198.3068471,-88.6254321,0.25110327,-198.124707,-89.14573315,0.210639926,-198.026671,-89.67688733,0.176540326,-197.9444225,-90.2851843,0.146519654,-197.9397553,-90.92427931,0.129742544,-197.9132766,-91.5464981,0.089170892,-198.0367633,-92.49566816,0.057925591,-197.9934771,-92.99986159,0.036382087
-197.9813924,-80.01065332,0.237633405,-198.8404165,-87.82822191,0.288715945,-198.5346265,-88.26415448,0.289099727,-198.3503366,-88.89772124,0.247305396,-198.1728172,-89.41990874,0.206719485,-198.0801022,-89.95336179,0.1728051,-198.002247,-90.56283956,0.142997033,-198.0033699,-91.2084234,0.126573619,-197.9811837,-91.83198612,0.08624809,-198.1090729,-92.78325945,0.055417048,-198.0696542,-93.28820596,0.033995433
-198.0326939,-80.26375269,0.237491125,-198.8734059,-88.09252251,0.288475765,-198.5721766,-88.53311189,0.286481169,-198.3935711,-89.17032435,0.243467243,-198.2207341,-89.69439423,0.202793549,-198.1333747,-90.23014225,0.169078099,-198.0599517,-90.84079424,0.139483166,-198.0669101,-91.49300578,0.123425302,-198.049033,-92.11784229,0.083346564,-198.1813464,-93.07123617,0.05293488,-198.1458113,-93.57690211,0.031633586
-198.083343,-80.51698728,0.237349537,-198.9059253,-88.35771674,0.288176098,-198.6093825,-88.80238245,0.283738937,-198.4365572,-89.44323897,0.239592217,-198.2684181,-89.96904545,0.198883946,-198.1864939,-90.50722778,0.16535922,-198.1175186,-91.11897802,0.135986663,-198.1303692,-91.77796002,0.120294312,-198.1168287,-92.40406539,0.08046613,-198.2535855,-93.35957636,0.050475585,-198.2219656,-93.86596413,0.029286415
-198.1333394,-80.7703554,0.237208691,-198.9379283,-88.623202,0.28778496,-198.6462538,-89.07196486,0.280875489,-198.4793004,-89.71646415,0.235685077,-198.3159486,-90.24415716,0.194970298,-198.2394399,-90.78451997,0.161654805,-198.1749792,-91.39753565,0.13251125,-198.1937513,-92.0632851,0.117181237,-198.1845749,-92.6906543,0.077606965,-198.3257959,-93.64827865,0.048036577,-198.2981205,-94.15538122,0.026951027
-198.1826827,-81.02385572,0.237068677,-198.9694261,-88.88896429,0.287290159,-198.6827993,-89.34185719,0.277893996,-198.5218058,-89.98999919,0.231750618,-198.3633054,-90.5195742,0.191052928,-198.292252,-91.0622206,0.157969707,-198.232333,-91.67638948,0.129046985,-198.2570602,-92.34897997,0.114086755,-198.2522596,-92.9775838,0.074779399,-198.3979845,-93.93734121,0.045614279,-198.374279,-94.44515243,0.024627031
-198.2313726,-81.27748695,0.236929594,-199.0004312,-89.15499937,0.286682765,-198.7190272,-89.61205811,0.274798619,-198.5640792,-90.26384371,0.227793169,-198.4104939,-90.79529549,0.187133052,-198.3449293,-91.3402219,0.15428967,-198.289584,-91.95553849,0.12559485,-198.3202997,-92.63504365,0.111011768,-198.3199041,-93.26490659,0.071979209,-198.4701484,-94.22675209,0.043211765,-198.4504444,-94.73527689,0.022314253
-198.2792917,-81.53066699,0.23679852,-199.0309556,-89.42131127,0.285957536,-198.7549459,-89.8825667,0.271594003,-198.6061273,-90.5379976,0.223815802,-198.4575198,-91.07131991,0.183211698,-198.3974777,-91.61852251,0.150614102,-198.3467363,-92.23498161,0.122155914,-198.3834483,-92.92143496,0.107973132,-198.3875119,-93.55259176,0.069200266,-198.5422977,-94.51653428,0.040828181,-198.5266105,-95.02575164,0.020020935
-198.3266547,-81.78455907,0.23668232,-199.0610108,-89.68790954,0.285111802,-198.7905634,-90.15338207,0.268285068,-198.6479573,-90.81245989,0.219820792,-198.5043886,-91.34764632,0.179289743,-198.449903,-91.89712107,0.146942399,-198.403794,-92.51471779,0.11873155,-198.4465441,-93.2082398,0.104956916,-198.4550869,-93.84063832,0.066442906,-198.6144386,-94.80667253,0.038456963,-198.6027891,-95.31658323,0.017740302
-198.373363,-82.03857704,0.236567309,-199.090608,-89.95480387,0.284143373,-198.8258875,-90.42450296,0.264877402,-198.6895305,-91.08706031,0.215830265,-198.5511057,-91.62427359,0.175367959,-198.5022109,-92.17601617,0.143274178,-198.4607605,-92.79474615,0.11532335,-198.5095846,-93.49541068,0.101960257,-198.5226331,-94.12904526,0.063707437,-198.6865736,-95.0971662,0.03609877,-198.6789852,-95.60776508,0.015469088
-198.4194162,-82.29271924,0.23645346,-199.1197591,-90.2220024,0.283049186,-198.8609255,-90.69592852,0.261377174,-198.7309264,-91.36214722,0.211827271,-198.5976768,-91.9012006,0.171447016,-198.5544059,-92.45520609,0.139610177,-198.5176255,-93.07501949,0.111937519,-198.572576,-93.78294607,0.098981379,-198.5901477,-94.41779417,0.060996708,-198.7587059,-95.38801454,0.033753607,-198.7552024,-95.89929616,0.013206664
-198.4648142,-82.54698398,0.236340521,-199.1484769,-90.48951026,0.281824201,-198.8956338,-90.96739681,0.257808113,-198.7721268,-91.63753857,0.207811151,-198.6440803,-92.17833166,0.167538511,-198.6064916,-92.73468979,0.135952139,-198.5744078,-93.35563603,0.108580624,-198.6355248,-94.07084441,0.096018458,-198.6576329,-94.7069234,0.058321535,-198.8308332,-95.67921074,0.031425155,-198.8314444,-96.19117546,0.010952377
-198.5095568,-82.80136963,0.236228197,-199.1767745,-90.75732809,0.280462279,-198.9301002,-91.23944462,0.254165274,-198.8131389,-91.91323326,0.203783462,-198.6903593,-92.4558625,0.163638465,-198.6584459,-93.01440659,0.132316474,-198.6311143,-93.63654194,0.105240487,-198.6984264,-94.35907515,0.093074222,-198.7250989,-94.99641032,0.055670963,-198.9029616,-95.97076877,0.029114172,-198.907708,-96.48340235,0.008712459
-198.5536441,-83.05587453,0.236116222,-199.204665,-91.02545434,0.278957375,-198.9643061,-91.51179662,0.250445502,-198.8539693,-92.18922979,0.199745759,-198.736509,-92.73368931,0.159740355,-198.7103095,-93.29448208,0.128691656,-198.6877513,-93.91773579,0.101916011,-198.7612891,-94.64769927,0.090158297,-198.7925495,-95.28625431,0.053045264,-198.9751003,-96.26267805,0.026812468,-198.9840046,-96.77597698,0.006478959
-198.5970758,-83.31049689,0.23600441,-199.23216,-91.29388544,0.277305188,-198.9982617,-91.78445182,0.246652563,-198.8946237,-92.46552644,0.19570043,-198.7825349,-93.01181108,0.155844871,-198.7620776,-93.57484897,0.125075654,-198.7443248,-94.19921589,0.098606607,-198.8241198,-94.93668265,0.087261466,-198.8599904,-95.57645411,0.050442613,-199.0472533,-96.55493746,0.024519041,-199.060339,-97.06889615,0.004249784
-198.6398515,-83.56523546,0.235892722,-199.2592403,-91.56233053,0.275504398,-199.0319767,-92.05740897,0.242790283,-198.935107,-92.74212233,0.191650432,-198.8284427,-93.29022715,0.151952036,-198.813756,-93.85550601,0.121468327,-198.8008383,-94.48098068,0.095313754,-198.8869216,-95.22602497,0.084385321,-198.927428,-95.86700814,0.047860361,-199.1194248,-96.84754591,0.022232881,-199.1367149,-97.36215886,0.002024488
-198.681971,-83.82008958,0.235781206,-199.2859384,-91.83128381,0.273582561,-199.0654598,-92.33066577,0.238863592,-198.9754242,-93.01901668,0.187598546,-198.8742397,-93.56893653,0.148060708,-198.8653506,-94.13645194,0.11786957,-198.8572943,-94.76302952,0.092040301,-198.9497001,-95.51572547,0.081529084,-198.9948578,-96.15790773,0.045304775,-199.1916144,-97.14050012,0.019957021,-199.2131345,-97.65576443,-0.000196061
-198.723434,-84.07505845,0.235669965,-199.3122804,-92.10063168,0.271512588,-199.0987185,-92.60422103,0.234878971,-199.0155595,-93.29609609,0.183551737,-198.9199335,-93.84793772,0.144169199,-198.9168668,-94.41768551,0.114279414,-198.9136831,-95.04533493,0.088795803,-199.0124619,-95.8057826,0.078690706,-199.0622979,-96.44916854,0.042765733,-199.2638277,-97.43380575,0.017690608,-199.289597,-97.94971322,-0.002407574
-198.7642401,-84.33014061,0.235559114,-199.3382688,-92.37028134,0.269294128,-199.1317596,-92.87807424,0.230843208,-199.0555456,-93.57359521,0.179518617,-198.9655316,-94.12722915,0.140275881,-198.9683103,-94.69920551,0.11069802,-198.9700219,-95.32795519,0.085580174,-199.0752016,-96.09617962,0.075876677,-199.1297505,-96.7407792,0.040241999,-199.3360718,-97.72745712,0.015428921,-199.366111,-98.24400266,-0.004615654
-198.8043885,-84.5853329,0.235448849,-199.3639172,-92.64023179,0.266926126,-199.1645905,-93.15222505,0.226762668,-199.0953866,-93.85139042,0.175484608,-199.01102,-94.40675548,0.136391792,-199.0196699,-94.98097616,0.107135795,-199.0263167,-95.61085754,0.082386313,-199.1379396,-96.38694877,0.073078632,-199.1972195,-97.03273876,0.037733391,-199.4083499,-98.02145332,0.013171836,-199.4426804,-98.53863165,-0.006820907
-198.8438785,-84.8406305,0.235339234,-199.3892391,-92.91048162,0.264408026,-199.1972205,-93.42667409,0.222641886,-199.1350896,-94.12948029,0.17144946,-199.0564314,-94.68662753,0.132508698,-199.070973,-95.26306997,0.103584708,-199.0825744,-95.89404049,0.079212708,-199.2006781,-96.67806986,0.070294894,-199.2647087,-97.32504631,0.035239648,-199.4806656,-98.31579343,0.010919154,-199.5193094,-98.83359902,-0.009024077
-198.8827091,-85.09602894,0.2352302,-199.4142472,-93.18102822,0.261740447,-199.2296269,-93.70126989,0.218498693,-199.1746614,-94.40786333,0.167413293,-199.1017633,-94.96678523,0.128625611,-199.1222185,-95.54544624,0.1000445,-199.138801,-96.17750246,0.076058261,-199.2634212,-96.96954198,0.067526101,-199.3322149,-97.61769764,0.032766452,-199.5530184,-98.61047658,0.008674658,-199.5960008,-99.12890453,-0.011224431
-198.92088,-85.35152546,0.235121635,-199.4389529,-93.45186891,0.258926259,-199.2618698,-93.97632504,0.214323339,-199.2141083,-94.6865384,0.163376546,-199.1470206,-95.24722786,0.124743839,-199.1734097,-95.82810428,0.09651773,-199.1950013,-96.461242,0.072923546,-199.3261726,-97.26136419,0.064772885,-199.3997498,-97.91070038,0.030307725,-199.6254157,-98.90550304,0.006434654,-199.6727597,-99.42454548,-0.013424029
-198.9583912,-85.60711936,0.235013358,-199.4633667,-93.72300259,0.255969866,-199.2939429,-94.25167335,0.210114864,-199.2534366,-94.96550443,0.159339694,-199.192209,-95.5279545,0.120864136,-199.2245501,-96.1110435,0.09300673,-199.251175,-96.74524344,0.06981091,-199.3889296,-97.5535266,0.062040615,-199.4673171,-98.20404798,0.027861772,-199.6978629,-99.20087013,0.004196762,-199.7495927,-99.72052067,-0.015625687
-198.9952428,-85.86281151,0.234905314,-199.4874991,-93.99442841,0.252876165,-199.3258534,-94.52731355,0.205878448,-199.2926528,-95.2447605,0.155302813,-199.2373341,-95.80896402,0.116987053,-199.2756451,-96.39426346,0.089512197,-199.3073254,-97.02953873,0.066728644,-199.4517023,-97.84604892,0.059327928,-199.5349205,-98.49773953,0.025428427,-199.7703651,-99.49657651,0.001959374,-199.8265045,-100.0168288,-0.017830475
-199.0314351,-86.11860261,0.234797509,-199.5113608,-94.26614578,0.249650325,-199.3576077,-94.80324508,0.201619536,-199.3317519,-95.52424181,0.151268796,-199.282402,-96.09025533,0.113113138,-199.3266963,-96.67774228,0.086034344,-199.3634618,-97.31410915,0.063669252,-199.5144957,-98.13891848,0.056631641,-199.6025634,-98.79177417,0.023007616,-199.8429274,-99.7926208,-0.000279259,-199.9034991,-100.3134686,-0.020038647
-199.066968,-86.3744922,0.234689752,-199.534963,-94.53815421,0.246297639,-199.3892127,-95.07946767,0.19734289,-199.3707545,-95.80408177,0.147242458,-199.3274089,-96.37179839,0.109247639,-199.3777119,-96.9615239,0.082578899,-199.4195894,-97.59895358,0.060632442,-199.5773143,-98.43213434,0.053951547,-199.670245,-99.08615026,0.020603299,-199.9155543,-100.0890019,-0.002519952,-199.9805799,-100.6104392,-0.022249709
-199.1018417,-86.63047879,0.234581594,-199.5582886,-94.81024155,0.242833813,-199.4206772,-95.35598224,0.193050761,-199.4096691,-96.08420754,0.143212126,-199.3723722,-96.6536543,0.105389718,-199.4287028,-97.24558177,0.079136153,-199.4757137,-97.88407087,0.057617705,-199.6401629,-98.72569541,0.05128698,-199.7379763,-99.3808693,0.018208581,-199.9882531,-100.3857177,-0.004766456,-200.05775,-100.9077397,-0.024462732
-199.136056,-86.88656055,0.234472518,-199.5813874,-95.08284407,0.239263832,-199.4520126,-95.6327881,0.188742862,-199.4485021,-96.3646174,0.13917806,-199.4172981,-96.93578821,0.101534368,-199.4796744,-97.52991472,0.075706384,-199.5318403,-98.16945986,0.054624263,-199.7030427,-99.01959669,0.048639703,-199.8057638,-99.6759274,0.015819839,-200.0610278,-100.6827671,-0.007019078,-200.1350129,-101.2053691,-0.026677074
-199.1696109,-87.14273538,0.23436218,-199.6042624,-95.35573593,0.235582564,-199.4832302,-95.90988383,0.184418104,-199.4872591,-96.64531034,0.135141628,-199.4621924,-97.21819875,0.097681985,-199.530632,-97.81452171,0.072290067,-199.5879754,-98.45511931,0.051650623,-199.7659625,-99.31384643,0.046007025,-199.8736142,-99.97132286,0.013433763,-200.1338825,-100.9801492,-0.009278023,-200.2123738,-101.5033257,-0.028893876
-199.2025053,-87.39899967,0.234251205,-199.6269261,-95.62891644,0.231795518,-199.5143225,-96.18719281,0.180085514,-199.5259454,-96.92628546,0.131104315,-199.5070605,-97.50088479,0.093833676,-199.5815808,-98.09940171,0.068887647,-199.6441214,-98.74104416,0.048698255,-199.8289291,-99.60843748,0.043384703,-199.9415338,-100.267054,0.011047728,-200.2068221,-101.2778622,-0.011544372,-200.289841,-101.8016049,-0.031117817
-199.234737,-87.6553413,0.234142738,-199.6493908,-95.90238486,0.227908428,-199.5453224,-96.46486784,0.175739518,-199.5645671,-97.207542,0.127067235,-199.5519075,-97.78384536,0.089990782,-199.6325261,-98.38455365,0.065499517,-199.700291,-99.02724182,0.045760719,-199.8919484,-99.90336851,0.040770816,-200.0095279,-100.5631198,0.008659855,-200.2798522,-101.575905,-0.013819565,-200.3674214,-102.1002087,-0.033350603
-199.2663023,-87.91173773,0.234041558,-199.6716683,-96.17613978,0.223927537,-199.5762288,-96.74282632,0.171381604,-199.603131,-97.48907923,0.123030421,-199.5967386,-98.06707952,0.086154576,-199.6834687,-98.66996967,0.062129388,-199.756489,-99.3137053,0.042836643,-199.9550256,-100.1986382,0.038163745,-200.077602,-100.8595185,0.006268483,-200.3529774,-101.8742763,-0.016104056,-200.4451193,-102.3991342,-0.035592359
-199.2971985,-88.16816945,0.233951724,-199.6937695,-96.45017984,0.219860257,-199.6070475,-97.02106797,0.167015467,-199.6416341,-97.77086733,0.11899999,-199.6415551,-98.3505757,0.08232832,-199.7344196,-98.95566429,0.058774658,-199.8127196,-99.60043369,0.039926403,-200.0181644,-100.4942449,0.035563652,-200.1457607,-101.156249,0.003872752,-200.4262024,-102.1729746,-0.018398356,-200.5229397,-102.69838,-0.037843724
-199.327426,-88.42462984,0.23387521,-199.7157048,-96.7245045,0.215714547,-199.6377867,-97.29959365,0.162642564,-199.6800982,-98.05296671,0.114969612,-199.6863702,-98.634357,0.078509353,-199.7853841,-99.24162734,0.055434139,-199.8689865,-99.88742615,0.037030508,-200.0813697,-100.7901891,0.032969564,-200.2140089,-101.45331,0.001471736,-200.4995326,-102.4719971,-0.020703727,-200.60089,-102.9979384,-0.040108698
-199.3569877,-88.68113009,0.233809198,-199.7374846,-96.9991133,0.211498123,-199.6684571,-97.57840252,0.158261347,-199.7185285,-98.33534258,0.110936609,-199.7311915,-98.91840816,0.074694359,-199.8363668,-99.52785784,0.052108705,-199.9252937,-100.1746819,0.034149388,-200.1446459,-101.0864687,0.030381049,-200.2823535,-101.7506998,-0.000937633,-200.5729759,-102.7713444,-0.023023115,-200.6789791,-103.2978173,-0.042389272
-199.3858879,-88.93769498,0.233747756,-199.7591201,-97.27400636,0.207217588,-199.69907,-97.85749307,0.153869464,-199.7569324,-98.61799369,0.106900587,-199.776026,-99.20272767,0.070883013,-199.8873724,-99.81435489,0.048799292,-199.981645,-100.4621998,0.031283638,-200.2079977,-101.3830827,0.027797027,-200.3508001,-102.0484169,-0.003356659,-200.6465335,-103.0710149,-0.025353297,-200.7572061,-103.598012,-0.044680574
-199.414063,-89.19376617,0.233691199,-199.7806124,-97.54909064,0.202882211,-199.7296367,-98.13686354,0.149464689,-199.7953172,-98.90091877,0.102861157,-199.8208796,-99.48731428,0.067076097,-199.9384058,-100.1011176,0.045506677,-200.0380459,-100.7499796,0.028432185,-200.2714312,-101.6800298,0.025215458,-200.4193525,-102.3464604,-0.005784956,-200.7202094,-103.3710074,-0.027693546,-200.8355749,-103.8985214,-0.046981664
-199.4416279,-89.45051,0.233652582,-199.8019879,-97.82456243,0.198498217,-199.7601599,-98.41648472,0.145049746,-199.8336904,-99.1841165,0.098818152,-199.8657578,-99.77216698,0.063274899,-199.9894718,-100.3881442,0.042231177,-200.0945008,-101.0380197,0.02559498,-200.3349561,-101.9773092,0.022630935,-200.4880158,-102.6448288,-0.008223306,-200.7940074,-103.671321,-0.030042712,-200.9140904,-104.1993347,-0.049294894
-199.4685331,-89.70734655,0.233613601,-199.8232595,-98.10031567,0.194061266,-199.7906552,-98.69641349,0.140624256,-199.8720584,-99.46758552,0.094772065,-199.9106663,-100.0572847,0.05948075,-200.0405785,-100.6754357,0.038970644,-200.1510156,-101.3263191,0.022770424,-200.3985758,-102.2749171,0.020043522,-200.5567957,-102.9435195,-0.010673243,-200.8679377,-103.9719484,-0.032407537,-200.992767,-104.5004653,-0.051625521
-199.4947771,-89.96427382,0.233572949,-199.844439,-98.37634889,0.189576219,-199.8211301,-98.97661706,0.136185689,-199.9104247,-99.75131719,0.090725866,-199.9556112,-100.3426668,0.055694491,-200.0917327,-100.962989,0.035723345,-200.2075982,-101.614876,0.019955069,-200.4622953,-102.5728535,0.017452685,-200.625704,-103.2425317,-0.013141544,-200.942001,-104.2728974,-0.034781475,-201.0716004,-104.801906,-0.053966047
-199.5203586,-90.22128934,0.233529657,-199.8655371,-98.65266138,0.185048454,-199.8515932,-99.25709477,0.13173399,-199.9488003,-100.0353278,0.086678092,-200.0006004,-100.6283122,0.051915418,-200.1429399,-101.2508029,0.03248898,-200.2642581,-101.9036902,0.017144114,-200.5261194,-102.8711174,0.014858015,-200.6947394,-103.5418647,-0.015622346,-201.0162035,-104.5741622,-0.037166714,-201.1505954,-105.1036552,-0.056316299
-199.5452772,-90.47838717,0.233482699,-199.8865646,-98.92925243,0.180482943,-199.8820542,-99.53784542,0.127267873,-199.9871921,-100.3196062,0.082627949,-200.0456401,-100.914219,0.048143984,-200.1942045,-101.5388763,0.029268649,-200.3210057,-102.1927558,0.014330986,-200.5900555,-103.1697084,0.012256547,-200.7639064,-103.8415173,-0.018115411,-201.0905527,-104.8757409,-0.039565778,-201.2297569,-105.405697,-0.058679536
-199.5695327,-90.73555877,0.233431257,-199.9075329,-99.20612172,0.175883739,-199.912523,-99.81886756,0.122785705,-200.0256077,-100.6041513,0.078575382,-200.0907373,-101.200386,0.044380518,-200.2455303,-101.8272086,0.026063861,-200.3778439,-102.4820738,0.011517599,-200.6541103,-103.4686219,0.009645475,-200.8332098,-104.1414882,-0.020620484,-201.1650643,-105.17762,-0.041991694,-201.3091051,-105.7080536,-0.061064337
-199.5931249,-90.99279712,0.23337476,-199.9284542,-99.48326876,0.171253447,-199.9430096,-100.1001596,0.118285974,-200.0640548,-100.8889616,0.0745204,-200.1358988,-101.4868118,0.04062503,-200.2969238,-102.1158003,0.022873805,-200.4347777,-102.7716431,0.008703796,-200.7182855,-103.7678588,0.00702819,-200.902662,-104.4417697,-0.023146229,-201.2397405,-105.4798167,-0.04443693,-201.3886311,-106.0107137,-0.063459513
-199.6160539,-91.25009874,0.233313132,-199.9493416,-99.76069252,0.166593773,-199.9735225,-100.3817198,0.113768317,-200.1025412,-101.174036,0.070463208,-200.1811318,-101.7734953,0.036877353,-200.3483912,-102.4046469,0.019696845,-200.4918118,-103.0614625,0.005889473,-200.782586,-104.067418,0.004404411,-200.9722655,-104.7423695,-0.02568819,-201.3145818,-105.7823222,-0.046898483,-201.4683387,-106.3136765,-0.065863497
-199.6383194,-91.50746436,0.233246906,-199.970206,-100.0383767,0.161906509,-200.0040714,-100.6635513,0.109232164,-200.1410744,-101.459373,0.066404359,-200.2264478,-102.0604389,0.033133657,-200.3999405,-102.6937484,0.016530832,-200.5489514,-103.351531,0.003074548,-200.847017,-104.3672982,0.001773654,-201.0420223,-105.043283,-0.028243876,-201.3895925,-106.0851354,-0.049375255,-201.5482303,-106.6169217,-0.068278273
-199.6599215,-91.76489702,0.233176834,-199.9910617,-100.3163557,0.157193718,-200.034664,-100.9456456,0.104677686,-200.1796653,-101.7449761,0.062341681,-200.2718509,-102.3476324,0.029395238,-200.4515797,-102.9831031,0.013372792,-200.6062072,-103.6418463,0.000252842,-200.9115945,-104.6674956,-0.000875265,-201.1119377,-105.3445088,-0.030813281,-201.4647848,-106.3882392,-0.051877648,-201.6283264,-106.9204814,-0.07070988
-199.6808601,-92.02239948,0.233103599,-200.0119211,-100.5946067,0.152454896,-200.0653084,-101.228004,0.100105684,-200.2183189,-102.030835,0.058277331,-200.3173458,-102.6350795,0.025665242,-200.5033158,-103.2727095,0.010221336,-200.663582,-103.9324071,-0.002573266,-200.9763159,-104.9680103,-0.00353467,-201.1820226,-105.6460352,-0.033404151,-201.5401605,-106.6916597,-0.054395128,-201.7086148,-107.2243396,-0.073145017
-199.701135,-92.27997286,0.23302746,-200.032795,-100.8731287,0.147692142,-200.0960132,-101.5106252,0.095516596,-200.257043,-102.3169525,0.054212521,-200.3629376,-102.9227792,0.021945189,-200.555153,-103.5625666,0.007077573,-200.7210784,-104.2232132,-0.00540135,-201.0411857,-105.2688414,-0.006203991,-201.2522867,-105.9478765,-0.03601712,-201.615716,-106.9953846,-0.056921633,-201.7891027,-107.5284938,-0.075585797
-199.7207462,-92.53761605,0.232948207,-200.053695,-101.1519212,0.142906631,-200.1267868,-101.7935078,0.0909109,-200.2958448,-102.6033272,0.050148628,-200.4086325,-103.2107303,0.0182359,-200.607103,-103.8526731,0.003935481,-200.778702,-104.5142634,-0.008231662,-201.1062087,-105.5699878,-0.008882633,-201.3227259,-106.2500255,-0.038643988,-201.6914567,-107.2994119,-0.059457051,-201.8697995,-107.832913,-0.07804346
-199.7396938,-92.79532665,0.232865534,-200.0746347,-101.4309835,0.138097429,-200.1576382,-102.0766506,0.086288997,-200.3347312,-102.8899581,0.046087069,-200.454438,-103.4989315,0.014536642,-200.6591635,-104.143027,0.0008026,-200.8364582,-104.8055565,-0.011064459,-201.1713974,-105.8714436,-0.011578672,-201.3933435,-106.5524815,-0.041282485,-201.7674014,-107.6037156,-0.062019939,-201.9507316,-108.1376451,-0.080525761
-199.7579776,-93.05310208,0.232779377,-200.0956288,-101.7103141,0.133262312,-200.1885775,-102.3600524,0.081649951,-200.3737098,-103.1768438,0.042029014,-200.5003692,-103.7873829,0.010839395,-200.7113414,-104.4336283,-0.002322247,-200.8943558,-105.0970866,-0.013904088,-201.2367563,-106.1732125,-0.014289933,-201.4641463,-106.855229,-0.043936706,-201.8435575,-107.9083333,-0.064602495,-202.0318823,-108.4426684,-0.083016247
-199.7755975,-93.31094038,0.232690264,-200.116692,-101.9899114,0.128398876,-200.2196235,-102.6437311,0.076986922,-200.4127948,-103.4639909,0.037969858,-200.5464322,-104.0760768,0.007143866,-200.7636453,-104.7244751,-0.005441949,-200.9524062,-105.3888582,-0.016755274,-201.3022858,-106.475292,-0.017011853,-201.5351498,-107.1582897,-0.046610873,-201.9199222,-108.213247,-0.067200513,-202.1132533,-108.747982,-0.085511296
-199.7925533,-93.56884117,0.232599417,-200.1378385,-102.2697732,0.123505203,-200.2507853,-102.9276459,0.072296235,-200.4519936,-103.7513808,0.033908538,-200.5926292,-104.3650161,0.003455148,-200.8160836,-105.0155656,-0.008559264,-201.0106052,-105.6808688,-0.019608739,-201.367993,-106.7776804,-0.019745815,-201.6063468,-107.4616525,-0.049294646,-201.9964983,-108.518456,-0.069810728,-202.1948525,-109.0535487,-0.088022222
-199.8088448,-93.82680541,0.232508838,-200.1590912,-102.5499312,0.118573271,-200.2820718,-103.2118132,0.067580912,-200.4913124,-104.0390207,0.029848422,-200.6389643,-104.6541998,-0.000223903,-200.8686678,-105.3068942,-0.011680529,-201.0689575,-105.9731174,-0.022463486,-201.4338902,-107.0803671,-0.022500081,-201.6777446,-107.7653154,-0.05198945,-202.0733018,-108.8239289,-0.072450537,-202.2766991,-109.3594298,-0.090546149
-199.8244719,-94.08483392,0.232421358,-200.1804553,-102.8303186,0.113605395,-200.3134913,-103.4962316,0.062842795,-200.5307602,-104.3269091,0.02578897,-200.6854413,-104.9436273,-0.003890377,-200.921405,-105.5984652,-0.014806134,-201.1274683,-106.2656026,-0.02531929,-201.4999905,-107.3833629,-0.025279386,-201.7493527,-108.0692546,-0.054703776,-202.1503311,-109.129718,-0.075099445,-202.3587808,-109.6655955,-0.093073123
-199.8394341,-94.34292641,0.232340735,-200.2019446,-103.1109646,0.108602555,-200.3450514,-103.7808996,0.058084642,-200.5703464,-104.6150444,0.021729434,-200.7320659,-105.2332973,-0.007543119,-200.974291,-105.8902769,-0.017926059,-201.1861441,-106.5583127,-0.028178929,-201.5662847,-107.6866634,-0.028069371,-201.8211965,-108.3735044,-0.057448343,-202.2275834,-109.4357978,-0.077755066,-202.4411035,-109.9720439,-0.095603547
-199.8537308,-94.60108117,0.232271688,-200.2235718,-103.3918673,0.103564584,-200.37676,-104.0658162,0.053309174,-200.61008,-104.9034248,0.017668981,-200.7788592,-105.5232018,-0.011197208,-201.0273307,-106.1823279,-0.02103923,-201.2450094,-106.8512614,-0.031057715,-201.6327764,-107.9902672,-0.030867728,-201.8932624,-108.6780482,-0.060207529,-202.3050592,-109.7421334,-0.080420054,-202.5236854,-110.278725,-0.098162018
-199.8673613,-94.85929534,0.232219836,-200.2453493,-103.673025,0.09849169,-200.4086264,-104.3509799,0.048517728,-200.6499767,-105.1920532,0.013601155,-200.8258261,-105.8133464,-0.014849541,-201.0805324,-106.4746163,-0.024147948,-201.3040542,-107.1444418,-0.03394123,-201.6994746,-108.2941587,-0.033680267,-201.9655563,-108.9828845,-0.062981026,-202.3828032,-110.0487799,-0.083118447,-202.6065351,-110.5857236,-0.100729219
-199.880325,-95.11756643,0.23219176,-200.2672897,-103.954436,0.09338415,-200.4406744,-104.6364082,0.04369956,-200.6900466,-105.4809156,0.00952248,-200.872972,-106.1037271,-0.018499285,-201.1339052,-106.7671291,-0.027257296,-201.3632826,-107.437853,-0.036827538,-201.7664065,-108.598356,-0.03652338,-202.0380844,-109.287983,-0.065775692,-202.4607895,-110.3557112,-0.085825094,-202.689642,-110.8929995,-0.103299529
-199.8926223,-95.37589333,0.232194439,-200.2894063,-104.2360986,0.088241652,-200.4729079,-104.9220578,0.038856818,-200.7302875,-105.7700186,0.00544459,-200.9203037,-106.3943427,-0.022146005,-201.1874787,-107.059881,-0.030387221,-201.422698,-107.7314941,-0.039713987,-201.8335619,-108.9028495,-0.039382622,-202.1108706,-109.5933939,-0.068596668,-202.5390228,-110.6629258,-0.088539016,-202.7730027,-111.200501,-0.105877254
-199.9042541,-95.63427462,0.232235796,-200.3117135,-104.5180111,0.083062727,-200.5053338,-105.2079486,0.033995777,-200.7707059,-106.0593609,0.001369412,-200.9678257,-106.6851923,-0.02578728,-201.2412402,-107.3528648,-0.033520299,-201.4823013,-108.0253463,-0.042599032,-201.9009482,-109.2076374,-0.042259028,-202.1838938,-109.8990943,-0.071422476,-202.617508,-110.9703782,-0.091269781,-202.8566691,-111.5083162,-0.108483743
-199.9152211,-95.89270858,0.232325113,-200.3342502,-104.8002187,0.077825592,-200.5379625,-105.4940786,0.029117084,-200.8113091,-106.3489411,-0.002702018,-201.0155429,-106.9762604,-0.029423326,-201.2951931,-107.6460799,-0.036653208,-201.5421256,-108.3194367,-0.045503378,-201.968572,-109.5126965,-0.045157476,-202.2571595,-110.2050819,-0.074252352,-202.6962806,-111.2781446,-0.094026915,-202.9406067,-111.8164036,-0.111090799
-199.9255237,-96.15119312,0.232473589,-200.3570072,-105.0826218,0.072545043,-200.5708039,-105.7804461,0.024221504,-200.8521052,-106.6387575,-0.006769437,-201.0634825,-107.267568,-0.033070423,-201.3493403,-107.9395254,-0.039782625,-201.6021573,-108.6137514,-0.04841006,-202.036465,-109.8180602,-0.048094857,-202.3306814,-110.5113136,-0.077103232,-202.7753151,-111.5861893,-0.096788227,-203.0248206,-112.1247612,-0.113697876
-199.93516,-96.40972424,0.232696203,-200.3800017,-105.365267,0.067221416,-200.6038682,-106.0670492,0.019309797,-200.8931118,-106.9288017,-0.010842767,-201.111634,-107.5591043,-0.036712676,-201.403687,-108.2331998,-0.042907052,-201.6624048,-108.9082882,-0.05132138,-202.104606,-110.1237133,-0.051047192,-202.4044901,-110.8178568,-0.07998272,-202.8546159,-111.8945107,-0.0995521,-203.1093201,-112.4333217,-0.116325991
-199.9441271,-96.66829233,0.233011454,-200.4032447,-105.6481207,0.061853025,-200.6371672,-106.3538953,0.014381967,-200.9343418,-107.2190801,-0.014925467,-201.1600066,-107.8508674,-0.040352272,-201.4582576,-108.5270749,-0.046048911,-201.7228752,-109.2030457,-0.054237941,-202.1730002,-110.4296543,-0.054012762,-202.4785674,-111.1246778,-0.082874423,-202.9341929,-112.2030294,-0.102342292,-203.1941399,-112.7422007,-0.11897224
-199.9523916,-96.92629201,0.233451137,-200.4267236,-105.930867,0.056450979,-200.6707317,-106.640958,0.009415365,-200.9757914,-107.5095894,-0.019005465,-201.2086093,-108.1428552,-0.043991003,-201.5130516,-108.8211939,-0.04919323,-201.7835698,-109.4979932,-0.057160871,-202.2416538,-110.7358511,-0.056997943,-202.5529132,-111.4317596,-0.085774865,-203.0140166,-112.5116462,-0.105141912,-203.2792483,-113.0513212,-0.121621165
-199.9599922,-97.18488811,0.234034088,-200.4504111,-106.2130184,0.051036296,-200.7045492,-106.9282502,0.004434771,-201.0174686,-107.8003279,-0.023082482,-201.2574499,-108.4350662,-0.047629675,-201.5680711,-109.1155355,-0.052338753,-201.8445259,-109.7931811,-0.060109923,-202.3105949,-111.0423215,-0.060020587,-202.6275338,-111.7390148,-0.088701469,-203.0939647,-112.8199126,-0.107929243,-203.3645696,-113.3603888,-0.124264411
-199.9669244,-97.44349818,0.234763758,-200.4742986,-106.4943192,0.045617488,-200.7386291,-107.21577,-0.000558575,-201.0593819,-108.0912939,-0.027156342,-201.3065499,-108.7274639,-0.05128792,-201.6233232,-109.410098,-0.055486032,-201.9057203,-110.0885853,-0.063060325,-202.3797296,-111.3487254,-0.063047511,-202.70243,-112.0464675,-0.091642232,-203.1739483,-113.1274696,-0.110702778,-203.4500634,-113.6690907,-0.12692974
-199.9731946,-97.70214152,0.235654596,-200.4984099,-106.77475,0.040176998,-200.7729812,-107.5035154,-0.00556376,-201.10154,-108.3824854,-0.031227291,-201.3559186,-109.0201077,-0.054957826,-201.678815,-109.7048797,-0.058635305,-201.9671596,-110.3842039,-0.066012472,-202.4489464,-111.6545377,-0.066062745,-202.7775028,-112.3537375,-0.094577136,-203.2539981,-113.434277,-0.113503033,-203.5355912,-113.9770635,-0.129575513
-199.9788086,-97.96083332,0.236724594,-200.5227597,-107.0542631,0.034690861,-200.8076156,-107.7914844,-0.010580046,-201.1439701,-108.6738737,-0.0353176,-201.4055479,-109.3129696,-0.058628438,-201.7345714,-109.9998378,-0.06181181,-202.0288512,-110.680035,-0.068967234,-202.5181863,-111.9594172,-0.06907303,-202.8526419,-112.6603491,-0.097493391,-203.3340473,-113.7402157,-0.116293118,-203.6211209,-114.2841842,-0.132206249
-199.9837648,-98.21956642,0.238000889,-200.5473519,-107.3329738,0.029143134,-200.8425385,-108.0796447,-0.015608986,-201.186676,-108.9655022,-0.039416042,-201.4554424,-109.6060484,-0.062297065,-201.7905945,-110.2950436,-0.064997282,-202.0908025,-110.9760312,-0.071934583,-202.5874666,-112.2633619,-0.072094033,-202.9278124,-112.9659989,-0.100420994,-203.414097,-114.0452745,-0.119078878,-203.706639,-114.5903357,-0.134843793
-199.9880466,-98.47833527,0.23952746,-200.5722033,-107.6109662,0.023496663,-200.8777465,-108.3676703,-0.02066541,-201.2296517,-109.2573192,-0.043517175,-201.5056069,-109.8993428,-0.06596088,-201.8468802,-110.5904626,-0.068186942,-202.1530525,-111.2722716,-0.074929873,-202.6567616,-112.5663568,-0.075109834,-203.0030051,-113.2707562,-0.103334816,-203.4941473,-114.349398,-0.12188622,-203.7922045,-114.8956856,-0.13750971
-199.9916339,-98.73713463,0.241353028,-200.5973297,-107.8883074,0.017720078,-200.9131789,-108.6551147,-0.025714751,-201.2728609,-109.5490152,-0.047612177,-201.5560512,-110.1927998,-0.069631008,-201.9034357,-110.8860932,-0.071380808,-202.2155774,-111.5687184,-0.077930477,-202.7260869,-112.8684565,-0.078141427,-203.0782077,-113.574586,-0.106241002,-203.5742723,-114.6527524,-0.124761228,-203.877789,-115.2002005,-0.140203346
-199.9945111,-98.99597228,0.243523489,-200.6227438,-108.1650224,0.011803151,-200.9488018,-108.9417063,-0.03074221,-201.3162397,-109.8401039,-0.051684746,-201.6068112,-110.4865083,-0.073319929,-201.9602676,-111.1819335,-0.074578339,-202.2783834,-111.8653699,-0.080936081,-202.795458,-113.1696738,-0.081225841,-203.1534356,-113.8775399,-0.109162868,-203.6544348,-114.9553029,-0.127696985,-203.963409,-115.5039168,-0.14295113
-199.9966923,-99.25489791,0.246056107,-200.6484566,-108.4410975,0.005760173,-200.9846156,-109.2273862,-0.03575412,-201.3597532,-110.1302775,-0.055733491,-201.6578682,-110.7804248,-0.077008775,-202.0174036,-111.477923,-0.077810852,-202.3414765,-112.1622244,-0.083945705,-202.8649398,-113.4701608,-0.084420096,-203.2287257,-114.1795936,-0.11216889,-203.7346437,-115.2570743,-0.13071213,-204.0490774,-115.8067587,-0.145804483
-199.9982389,-99.51392237,0.248921103,-200.6744789,-108.7165122,-0.000384443,-201.0206324,-109.5121892,-0.040769691,-201.4034386,-110.4195567,-0.059791397,-201.7092262,-111.074517,-0.080701387,-202.0748366,-111.7741369,-0.081051545,-202.4048701,-112.4592169,-0.086979208,-202.9345052,-113.7699099,-0.087715749,-203.3040998,-114.4809429,-0.115260043,-203.814892,-115.5579942,-0.13382328,-204.1348439,-116.1089362,-0.148761686
-199.9992224,-99.77304344,0.252079548,-200.7008231,-108.9912616,-0.006612537,-201.0568701,-109.7961945,-0.045825507,-201.4472696,-110.7079361,-0.063844081,-201.7608405,-111.3684803,-0.084389452,-202.1325003,-112.0702154,-0.084288017,-202.4685894,-112.7564619,-0.090030174,-203.0041601,-114.0689259,-0.091111623,-203.3795494,-114.7815469,-0.118451813,-203.8952505,-115.858232,-0.137045172,-204.2206703,-116.4103666,-0.151801788
-199.9997238,-100.0322813,0.25548382,-200.7275194,-109.2653369,-0.012938153,-201.0933459,-110.079435,-0.050968524,-201.4912624,-110.9954851,-0.067923011,-201.8126282,-111.66176,-0.088064367,-202.1903066,-112.3656728,-0.087505242,-202.5326065,-113.0538746,-0.093083805,-203.0739058,-114.3671966,-0.094588282,-203.4550782,-115.0814072,-0.121739147,-203.9756688,-116.1577079,-0.140328732,-204.3065587,-116.7110471,-0.154909843
-199.9998774,-100.2917285,0.259032717,-200.7545811,-109.5387907,-0.019366738,-201.1301138,-110.3620647,-0.056256346,-201.5354353,-111.2822811,-0.072065912,-201.8645999,-111.9542312,-0.091748262,-202.2481982,-112.6601786,-0.090700699,-202.5968627,-113.3511514,-0.096131666,-203.1437605,-114.6646309,-0.09815708,-203.5306933,-115.3804166,-0.125131542,-204.0561484,-116.4564167,-0.143656454,-204.3925114,-117.010853,-0.158103093
-199.9998805,-100.5514648,0.262561747,-200.7820071,-109.8116497,-0.025900145,-201.1671452,-110.6440561,-0.061663155,-201.5798046,-111.5683826,-0.076305453,-201.9167059,-112.2457719,-0.095415218,-202.3062317,-112.9538005,-0.093917933,-202.66126,-113.6478101,-0.099158905,-203.2137334,-114.9613677,-0.101775865,-203.6064159,-115.6787387,-0.128583662,-204.1366661,-116.7542514,-0.147021184,-204.4785804,-117.3100092,-0.161356756
-199.9999439,-100.811596,0.265893024,-200.8098106,-110.0839351,-0.032552249,-201.2044443,-110.9253922,-0.06717009,-201.6243812,-111.8538126,-0.080654177,-201.968956,-112.5364139,-0.09908277,-202.3643667,-113.2465076,-0.097134891,-202.7257674,-113.9435011,-0.10220057,-203.2838091,-115.2573465,-0.105436813,-203.6822181,-115.9762885,-0.13207202,-204.2173187,-117.0514072,-0.150462987,-204.5647276,-117.6084147,-0.164657863
-200.0002693,-101.0721824,0.268856996,-200.8380037,-110.3556461,-0.039326016,-201.2420153,-111.2060483,-0.072750152,-201.6691936,-112.1384713,-0.085136418,-202.0213676,-112.826231,-0.10278411,-202.4226202,-113.538367,-0.100380404,-202.7903744,-114.2383255,-0.10522719,-203.3539961,-115.5525792,-0.109149069,-203.7581074,-116.2730724,-0.135596881,-204.2980469,-117.3478022,-0.153950387,-204.6509574,-117.9060732,-0.168012411
-200.0010046,-101.3331764,0.271336747,-200.866598,-110.6267756,-0.046215004,-201.2798654,-111.4860157,-0.078384102,-201.7142391,-112.4225054,-0.089695194,-202.0739605,-113.1153054,-0.10655863,-202.4810109,-113.8294558,-0.103689728,-202.855073,-114.5322391,-0.108253533,-203.4242899,-115.8469861,-0.112934545,-203.8340813,-116.5689918,-0.139184834,-204.3788573,-117.6434433,-0.157493111,-204.7372618,-118.2028498,-0.171454928
-200.0022523,-101.5945493,0.273260586,-200.8956059,-110.8973238,-0.053210312,-201.3180047,-111.7653065,-0.084066944,-201.7595107,-112.7058304,-0.094308671,-202.1267592,-113.4035858,-0.110466281,-202.539555,-114.1198298,-0.107094303,-202.9198821,-114.8253118,-0.111311146,-203.4947586,-116.1407433,-0.116822143,-203.9102126,-116.8642646,-0.142859801,-204.459756,-117.9383331,-0.161097008,-204.8237128,-118.4990071,-0.174982617
-200.0041074,-101.8562714,0.274564616,-200.9250399,-111.1672976,-0.060305337,-201.3564445,-112.0439428,-0.08980638,-201.8050169,-112.9884521,-0.098968303,-202.1797982,-113.6912966,-0.11450376,-202.5982741,-114.4094069,-0.110638357,-202.9848029,-115.1175255,-0.114438514,-203.5653509,-116.433772,-0.120775658,-203.9864551,-117.1588017,-0.146602197,-204.540741,-118.2323322,-0.164790394,-204.9102577,-118.7944229,-0.17857433
-200.006653,-102.1182936,0.275197323,-200.9549134,-111.4367163,-0.067497781,-201.3951999,-112.3218204,-0.095637555,-201.8507663,-113.2703843,-0.103677488,-202.2330488,-113.9783248,-0.118640617,-202.6571897,-114.6983704,-0.11428933,-203.049931,-115.4091143,-0.117704798,-203.6360673,-116.7260645,-0.124785475,-204.0628127,-117.4526024,-0.150411026,-204.6218763,-118.5256989,-0.168554868,-204.9968995,-119.0890955,-0.182223927
-200.0099138,-102.3805281,0.275164268,-200.9852401,-111.7056053,-0.074788315,-201.4343047,-112.5991881,-0.101562843,-201.8967675,-113.5516453,-0.108447206,-202.2865113,-114.264644,-0.122849534,-202.716276,-114.98661,-0.118014357,-203.1152147,-115.7000127,-0.121078201,-203.7069111,-117.0176127,-0.128842497,-204.1392877,-117.7456606,-0.154277829,-204.7031151,-118.8183117,-0.172363807,-205.0836079,-119.3828684,-0.185934989
-200.0138815,-102.6429552,0.274503085,-201.0160326,-111.973979,-0.082176428,-201.4737331,-112.8759388,-0.107565712,-201.9430099,-113.8321208,-0.113291164,-202.3401883,-114.5502412,-0.127109119,-202.7755364,-115.2741146,-0.12179209,-203.180656,-115.9902051,-0.12454444,-203.7778744,-117.3082959,-0.132955217,-204.2158788,-118.0378307,-0.158224282,-204.7844597,-119.1101722,-0.176207168,-205.1704976,-119.6760363,-0.189723655
-200.0185441,-102.9055827,0.273253836,-201.0472963,-112.241665,-0.089671359,-201.5134913,-113.1520654,-0.113638857,-201.9895771,-114.112061,-0.118248965,-202.3940856,-114.8351216,-0.131411569,-202.8349769,-115.5608889,-0.125612796,-203.2462576,-116.2796701,-0.128080938,-203.8490378,-117.5983445,-0.137138742,-204.2926354,-118.329378,-0.162218729,-204.8659132,-119.4012844,-0.180077873,-205.2574936,-119.9684643,-0.193547051
-200.0238923,-103.1684224,0.271452472,-201.0790875,-112.5089754,-0.097273629,-201.5535882,-113.4275642,-0.119774116,-202.036421,-114.3913483,-0.123280841,-202.4482094,-115.1191508,-0.135788665,-202.894582,-115.8468188,-0.129482545,-203.312025,-116.5683989,-0.131670224,-203.9203533,-117.8876652,-0.141361793,-204.3695166,-118.6201802,-0.166243603,-204.9474783,-119.6914812,-0.184016685,-205.3445988,-120.2601559,-0.197400148
-200.029971,-103.4321589,0.269095276,-201.1113785,-112.7757669,-0.104953322,-201.5940347,-113.7024417,-0.125965769,-202.08355,-114.669981,-0.128378622,-202.5026145,-115.4026391,-0.140244188,-202.9544489,-116.1321619,-0.133449864,-203.3779694,-116.8562604,-0.135339465,-203.9918271,-118.1762664,-0.145621624,-204.4465282,-118.9102415,-0.170297249,-205.0292061,-119.9810869,-0.187978824,-205.4318163,-120.5511123,-0.201279204
-200.036735,-103.6954532,0.266222659,-201.1441813,-113.0420466,-0.112705824,-201.6348419,-113.9767085,-0.132211197,-202.1309718,-114.9479596,-0.133533149,-202.5572668,-115.6854675,-0.144772165,-203.014523,-116.4168173,-0.137487627,-203.4441333,-117.1435326,-0.139068002,-204.0634641,-118.4641524,-0.149913082,-204.5236771,-119.1995668,-0.174379045,-205.1110578,-120.2699527,-0.191959325,-205.5191275,-120.8411435,-0.20521361
-200.0441986,-103.9589722,0.262858118,-201.1775086,-113.3078191,-0.120529462,-201.6760181,-114.2503745,-0.138507669,-202.1786928,-115.2252873,-0.138736285,-202.612172,-115.9676389,-0.149373862,-203.0748111,-116.7007903,-0.141600274,-203.5104839,-117.4301119,-0.142853683,-204.1352326,-118.7511718,-0.154230251,-204.6009617,-119.4879851,-0.178524001,-205.1930382,-120.5580783,-0.195953338,-205.6066276,-121.1306109,-0.209181957
-200.0523658,-104.2227072,0.259020847,-201.2113745,-113.5730967,-0.128424191,-201.7175698,-114.5234472,-0.14485071,-202.2267189,-115.5019715,-0.143982534,-202.6673345,-116.2491469,-0.154041196,-203.1353177,-116.9840771,-0.145782408,-203.5770263,-117.7160084,-0.146704327,-204.2072497,-119.0376038,-0.158606212,-204.6784464,-119.7758294,-0.18269821,-205.2751528,-120.8454645,-0.199955459,-205.6942526,-121.4193447,-0.213162331
-200.0612371,-104.4866529,0.254732657,-201.245794,-113.837898,-0.136390504,-201.7594951,-114.7956928,-0.1512626,-202.2750563,-115.7780222,-0.149268348,-202.7227584,-116.5299843,-0.158762248,-203.1960459,-117.2666726,-0.150022619,-203.6437653,-118.0012186,-0.150622348,-204.2794418,-119.323316,-0.162989611,-204.7560832,-120.0629427,-0.186883943,-205.3573974,-121.1319065,-0.204007814,-205.7820051,-121.7073458,-0.217147509
-200.0708122,-104.7508061,0.250015201,-201.2807807,-114.1022383,-0.144425967,-201.8018528,-115.0675676,-0.157718306,-202.3236823,-116.0532306,-0.154598545,-202.7784486,-116.8101484,-0.163526674,-203.2569999,-117.548576,-0.154309527,-203.7106701,-118.2855697,-0.154605851,-204.3518137,-119.6083098,-0.167374464,-204.8338753,-120.3493258,-0.191072824,-205.4398433,-121.4178025,-0.208059727,-205.8698879,-121.9946159,-0.221130818
-200.0810915,-105.0151651,0.244888927,-201.3163495,-114.366156,-0.152524637,-201.844607,-115.338854,-0.164199886,-202.3727039,-116.3280086,-0.159995588,-202.8344074,-117.0894272,-0.168367368,-203.3181804,-117.8296036,-0.158670714,-203.777863,-118.5693679,-0.1586894,-204.4243714,-119.8925873,-0.171757175,-204.911827,-120.6349794,-0.195258752,-205.5224413,-121.7029696,-0.212105895,-205.9578771,-122.2809324,-0.225147081
-200.0920759,-105.2797302,0.239372147,-201.352518,-114.6297119,-0.160680844,-201.8877678,-115.609559,-0.170701837,-202.4220631,-116.602165,-0.165421214,-202.8906868,-117.3682421,-0.173245244,-203.3796462,-118.1101214,-0.163077098,-203.845271,-118.8524685,-0.162821147,-204.4971216,-120.1761529,-0.176135522,-204.989912,-120.9196983,-0.199462136,-205.6051961,-121.9874123,-0.216142329,-206.0460742,-122.5667247,-0.229160495
-200.1037683,-105.5444995,0.233480775,-201.3893015,-114.8929463,-0.168888439,-201.9313451,-115.8796892,-0.177219657,-202.4717683,-116.8757023,-0.170868317,-202.9472488,-117.646405,-0.178153413,-203.4413606,-118.3899698,-0.167519337,-203.9128989,-119.1348796,-0.16699344,-204.5700362,-120.458812,-0.180523312,-205.0682462,-121.2038841,-0.203681699,-205.6881119,-122.2711327,-0.220165622,-206.1344111,-122.8517919,-0.233158783
-200.1161716,-105.8094703,0.227229716,-201.4267117,-115.1558624,-0.177138899,-201.9753463,-116.1492482,-0.183747839,-202.5218247,-117.1486204,-0.17632798,-203.004099,-117.9239199,-0.183087885,-203.5033306,-118.6691544,-0.171994577,-203.980752,-119.416612,-0.17120122,-204.6432355,-120.7409497,-0.184933059,-205.1467599,-121.4873533,-0.207891498,-205.7711544,-122.5538866,-0.22420457,-206.2228913,-123.1361348,-0.237138554
-200.1292885,-106.0746384,0.220633496,-201.4647648,-115.4184798,-0.18542399,-202.0197774,-116.4182397,-0.190279842,-202.5722365,-117.4209213,-0.181791558,-203.0612441,-118.2007882,-0.188043129,-203.56556,-118.9476742,-0.17649522,-204.0488355,-119.6976724,-0.175440518,-204.7166464,-121.0223875,-0.18932944,-205.2254573,-121.7701088,-0.212087588,-205.8544515,-122.8361358,-0.22824498,-206.3115185,-123.419752,-0.241097413
-200.1431206,-106.3399993,0.213706863,-201.5034831,-115.6808542,-0.193741457,-202.064644,-116.6866692,-0.196809756,-202.6230082,-117.6926105,-0.187252801,-203.1186913,-118.4770119,-0.193011978,-203.62805,-119.2255249,-0.181010414,-204.1171551,-119.9780628,-0.179707241,-204.7902738,-121.3031278,-0.193708169,-205.3043425,-122.0521525,-0.216265374,-205.9379261,-123.1176621,-0.23226775,-206.4002495,-123.7023834,-0.245065563
-200.1576689,-106.6055499,0.20646449,-201.5428871,-115.9430301,-0.202092994,-202.1099524,-116.9545394,-0.203332895,-202.6741456,-117.9636923,-0.192707825,-203.1764473,-118.7525909,-0.197987263,-203.6908022,-119.5027044,-0.18552955,-204.1856988,-120.2575544,-0.184033127,-204.8641219,-121.5831724,-0.198064813,-205.3834187,-122.3334841,-0.22042035,-206.0215825,-123.3984697,-0.236269222,-206.4892321,-123.9845299,-0.249028156
-200.1729343,-106.8712886,0.19892031,-201.5829207,-116.2044968,-0.210486068,-202.15571,-117.2218477,-0.209847121,-202.725657,-118.2341723,-0.198154819,-203.2344728,-119.027235,-0.202978486,-203.7538004,-119.778962,-0.190081807,-204.2545505,-120.5365818,-0.188384013,-204.9381939,-121.8625233,-0.202394834,-205.462654,-122.613841,-0.224585788,-206.105422,-123.6785613,-0.240243838,-206.5783778,-124.2659573,-0.252964575
-200.188918,-107.1372153,0.191087093,-201.6237433,-116.4663008,-0.218894409,-202.2019266,-117.4885964,-0.216351776,-202.7775515,-118.5040582,-0.203592077,-203.2929082,-119.3015049,-0.207997398,-203.8171323,-120.0547829,-0.194636578,-204.3236531,-120.814934,-0.192743049,-205.0124318,-122.1409367,-0.206698505,-205.5421686,-122.8937233,-0.228735059,-206.1894458,-123.9579391,-0.24418581,-206.6676896,-124.5466685,-0.256870826
-200.2056214,-107.4033311,0.182976303,-201.665256,-116.7279556,-0.227260786,-202.248571,-117.7543595,-0.222880905,-202.829807,-118.7729991,-0.209054538,-203.3516755,-119.5751406,-0.213013254,-203.8807476,-120.3299461,-0.199186277,-204.3930105,-121.0926123,-0.197103618,-205.0870044,-122.4188851,-0.211011291,-205.6218886,-123.172895,-0.232855248,-206.27361,-124.2363114,-0.248131061,-206.7571703,-124.8266652,-0.260742763
-200.2230842,-107.6700722,0.174589386,-201.7074583,-116.9894792,-0.235562436,-202.2957723,-118.0199874,-0.229406763,-202.8825281,-119.0416787,-0.214504608,-203.410782,-119.8481501,-0.218023445,-203.9446546,-120.6044589,-0.203729745,-204.4626273,-121.3696215,-0.201460861,-205.1618133,-122.6961402,-0.215290245,-205.7018187,-123.4513595,-0.236944528,-206.3580542,-124.5142352,-0.25204606,-206.846732,-125.1056561,-0.264579513
-200.2412751,-107.936547,0.16591213,-201.7503516,-117.2508869,-0.243789171,-202.3434623,-118.2850807,-0.23592101,-202.9356537,-119.3097661,-0.21993463,-203.4702314,-120.1205385,-0.223022183,-204.0088589,-120.8783225,-0.208262892,-204.5325085,-121.6459666,-0.205811355,-205.2368658,-122.9727024,-0.21953542,-205.7819633,-123.72912,-0.241000123,-206.4426958,-124.7914446,-0.255922432,-206.9366044,-125.3841988,-0.268423505
-200.260192,-108.203216,0.156986917,-201.7939388,-117.5121925,-0.251936544,-202.3916494,-118.5496476,-0.242420456,-202.9891909,-119.5772668,-0.225342106,-203.5300268,-120.3923075,-0.228002363,-204.0733643,-121.1515361,-0.212779867,-204.6026601,-121.9216522,-0.210152208,-205.3121694,-123.2485755,-0.223746675,-205.8623266,-124.0061791,-0.245018652,-206.5275404,-125.0679417,-0.259759294,-207.0266581,-125.6620279,-0.272226597
-200.2798371,-108.4700814,0.147822974,-201.838222,-117.7734048,-0.260000671,-202.4403407,-118.8136904,-0.248901603,-203.0431471,-119.8441859,-0.23072583,-203.5901707,-120.6634553,-0.232957183,-204.138175,-121.4241004,-0.217275585,-204.6730544,-122.1963883,-0.214520642,-205.3877298,-123.5237647,-0.227921516,-205.9428448,-124.2822271,-0.249018844,-206.6125925,-125.3437276,-0.263554694,-207.1168981,-125.9391449,-0.275987578
-200.3002125,-108.7371455,0.138429383,-201.8832015,-118.0345224,-0.267974925,-202.4895425,-119.0772051,-0.255360851,-203.097531,-120.1105306,-0.236085347,-203.650667,-120.9339763,-0.237882858,-204.2032961,-121.6960161,-0.221747046,-204.7438066,-122.4707437,-0.218878805,-205.4635498,-123.7982741,-0.232055164,-206.0236995,-124.5578628,-0.253000687,-206.6978556,-125.618803,-0.267306249,-207.2073301,-126.2155518,-0.279705725
-200.3213206,-109.0044106,0.128814955,-201.9288759,-118.2955349,-0.275849329,-202.5392622,-119.3401936,-0.261795326,-203.1523523,-120.3763094,-0.241419971,-203.7115228,-121.203871,-0.242778557,-204.2686923,-121.9669447,-0.226232783,-204.8148458,-122.744442,-0.223217538,-205.5395516,-124.0717918,-0.236149442,-206.1047849,-124.8328005,-0.256936175,-206.7832512,-125.892828,-0.271034728,-207.2979601,-126.4912517,-0.283380555
-200.3431636,-109.2718788,0.118988163,-201.9752429,-118.5564295,-0.283613723,-202.5895087,-119.6026664,-0.268204034,-203.2076193,-120.6415255,-0.24672792,-203.7726784,-121.4727381,-0.247669108,-204.3344969,-122.2375562,-0.230699813,-204.8861777,-123.0174826,-0.227534681,-205.61594,-124.3449235,-0.24023362,-206.1861053,-125.1070408,-0.260823635,-206.8689917,-126.166465,-0.274741222,-207.3887933,-126.7662461,-0.287011196
-200.3657442,-109.539552,0.108957177,-202.0223008,-118.8171966,-0.291260462,-202.6402911,-119.8646326,-0.274587125,-203.2633382,-120.9061761,-0.252005896,-203.8343166,-121.7413764,-0.252550355,-204.4006354,-122.5075354,-0.235142242,-204.9578087,-123.2898688,-0.231829216,-205.6925989,-124.6173766,-0.244267584,-206.2676656,-125.3805829,-0.264662831,-206.9549557,-126.4393972,-0.278398808,-207.4797615,-127.040169,-0.290642815
-200.3890642,-109.8074236,0.098730509,-202.0700488,-119.0778315,-0.298786091,-202.6916176,-120.126096,-0.280943751,-203.3195152,-121.1702604,-0.257250233,-203.8963377,-122.0094082,-0.257400694,-204.4671126,-122.7768825,-0.239556339,-205.0297442,-123.5616059,-0.236099091,-205.7695355,-124.8891543,-0.248252153,-206.3494721,-125.6534275,-0.268454468,-207.0411475,-126.7116275,-0.282006255,-207.5710525,-127.3137336,-0.294224233
-200.4131201,-110.075431,0.088331855,-202.1184869,-119.3383318,-0.306190845,-202.7435007,-120.3870803,-0.287271239,-203.3761569,-121.4337824,-0.262458998,-203.9587474,-122.2768383,-0.262216328,-204.5339317,-123.0455961,-0.243936821,-205.1019873,-123.8326982,-0.240340104,-205.8467566,-125.1602597,-0.252188278,-206.4315318,-125.9255778,-0.272199587,-207.1275715,-126.9831565,-0.28556315,-207.6625511,-127.5865942,-0.297750392
-200.4378987,-110.3434182,0.077796067,-202.1676148,-119.5986943,-0.313476341,-202.7959571,-120.6476298,-0.29356742,-203.4331687,-121.6962107,-0.267646493,-204.0215505,-122.543667,-0.266992738,-204.6010964,-123.3136766,-0.248279169,-205.1744455,-124.1027908,-0.24454816,-205.9242675,-125.4306936,-0.256075798,-206.5137572,-126.1966551,-0.275919966,-207.214234,-127.2539856,-0.289070464,-207.7542592,-127.8587485,-0.301220271
-200.4633828,-110.6112134,0.06714415,-202.2174319,-119.8589144,-0.320644057,-202.8490027,-120.9077814,-0.29982888,-203.4907932,-121.958591,-0.272823452,-204.0847512,-122.8098906,-0.271725685,-204.668611,-123.5811245,-0.252580616,-205.2473498,-124.3725746,-0.248760727,-206.0020728,-125.7004573,-0.259913805,-206.5963813,-126.4674057,-0.27961748,-207.3011419,-127.5241183,-0.292529849,-207.8461823,-128.1301977,-0.304635558
-200.4895623,-110.878732,0.056386738,-202.2679372,-120.1189874,-0.327694303,-202.9026545,-121.1675742,-0.306049485,-203.5489038,-122.2204167,-0.277966466,-204.1483543,-123.0755083,-0.276412261,-204.7364817,-123.8479436,-0.256840322,-205.3205692,-124.641709,-0.252931506,-206.0801775,-125.9695536,-0.263701842,-206.6792717,-126.7374722,-0.283264097,-207.388186,-127.7931437,-0.29596,-207.9383266,-128.4009451,-0.307998594
-200.5164354,-111.1459795,0.045521965,-202.3191292,-120.3789101,-0.334626836,-202.9567906,-121.4262971,-0.31224025,-203.6075088,-122.4816938,-0.283076075,-204.2123659,-123.3405243,-0.281051417,-204.8047156,-124.1141401,-0.261058209,-205.3941096,-124.9101934,-0.257059502,-206.1584804,-126.2375789,-0.267451718,-206.7624315,-127.006854,-0.286858224,-207.475644,-128.0618661,-0.299374033,-208.0305695,-128.6705809,-0.311323009
-200.5440417,-111.4130891,0.034508948,-202.3708632,-120.6378373,-0.341467197,-203.0117334,-121.6854407,-0.318398917,-203.6666164,-122.7424266,-0.28815234,-204.276792,-123.6049421,-0.28564356,-204.8732251,-124.3792654,-0.2652557,-205.4679778,-125.1780321,-0.261144741,-206.2372402,-126.5053233,-0.271187056,-206.8458644,-127.2755491,-0.290399791,-207.5633611,-128.3298967,-0.302740181,-208.1232156,-128.9399102,-0.314633329
-200.572359,-111.6799143,0.02333929,-202.4234563,-120.8974333,-0.348205762,-203.0673209,-121.9442832,-0.324499074,-203.7262383,-123.0026324,-0.293195288,-204.3416392,-123.8687618,-0.290189804,-204.9422403,-124.6441984,-0.269429744,-205.54218,-125.4452306,-0.2651867,-206.3163164,-126.7724088,-0.274874642,-206.9295753,-127.543558,-0.293889856,-207.6513407,-128.5972369,-0.306058012,-208.2160974,-129.2085468,-0.317891721
-200.6013828,-111.9466001,0.012031051,-202.4767339,-121.156877,-0.354835348,-203.1235556,-122.2028204,-0.330531851,-203.7863896,-123.2623412,-0.298206025,-204.4069146,-124.131985,-0.294690816,-205.0116362,-124.90851,-0.273558661,-205.616721,-125.711794,-0.269183365,-206.3957144,-127.0388376,-0.278515455,-207.0135703,-127.8108841,-0.29733039,-207.7395865,-128.8638863,-0.309328677,-208.3092177,-129.4764906,-0.321097341
-200.6311137,-112.21315,0.000603068,-202.5306967,-121.4161683,-0.361363325,-203.1804427,-122.4610625,-0.336493125,-203.8470837,-123.521575,-0.303185391,-204.4725183,-124.3940362,-0.299183416,-205.0814192,-125.1722028,-0.277641725,-205.6916054,-125.9777263,-0.273132012,-206.4754384,-127.3046091,-0.282109955,-207.0978554,-128.0775303,-0.30072403,-207.8281049,-129.1298472,-0.312554965,-208.4025799,-129.7437396,-0.32425046
-200.6615488,-112.4795503,-0.010918954,-202.5853452,-121.6753059,-0.367797492,-203.2379885,-122.7190247,-0.342383262,-203.908329,-123.7803416,-0.30813051,-204.538707,-124.6560536,-0.303635419,-205.1515955,-125.4352804,-0.281679056,-205.7668367,-126.2430272,-0.277030029,-206.5554925,-127.5697236,-0.285658522,-207.1823103,-128.3430282,-0.304095272,-207.9169025,-129.3951237,-0.315740009,-208.4961883,-130.010294,-0.32735263
-200.6926846,-112.7457837,-0.022516027,-202.6406794,-121.9342882,-0.374145376,-203.2961962,-122.9767198,-0.348201133,-203.9701331,-124.0386532,-0.31303491,-204.6053443,-124.9174875,-0.308040875,-205.2221716,-125.6977478,-0.285671055,-205.8424194,-126.5076916,-0.28087684,-206.6358817,-127.8341834,-0.289162224,-207.2672367,-128.6082998,-0.307449969,-208.0059857,-129.6597186,-0.318886127,-208.5900484,-130.2761562,-0.330406234
-200.7245184,-113.0118394,-0.034178016,-202.6966986,-122.1931126,-0.380413505,-203.3550692,-123.2341697,-0.353933555,-204.0325063,-124.2965354,-0.317893651,-204.6724358,-125.1783431,-0.312398895,-205.2931541,-125.9596111,-0.28961832,-205.918257,-126.7712265,-0.284710612,-206.7166106,-128.0979909,-0.29262261,-207.3524736,-128.8729035,-0.310764261,-208.0952009,-129.9231378,-0.322003499,-208.684165,-130.5413297,-0.333413337
-200.7570489,-113.2777145,-0.045903143,-202.7534013,-122.4517759,-0.386607991,-203.4146148,-123.491412,-0.359561161,-204.0954586,-124.5540084,-0.322705466,-204.7399865,-125.4386218,-0.316709522,-205.3645484,-126.2208726,-0.293521271,-205.9946012,-127.0345953,-0.288503778,-206.7976847,-128.3611499,-0.296041393,-207.4380238,-129.1368413,-0.314036343,-208.1849051,-130.1863487,-0.325117559,-208.7783984,-130.8053198,-0.336406633
-200.7902763,-113.5434132,-0.057692606,-202.8107864,-122.7102753,-0.392734974,-203.4748391,-123.7484775,-0.365072372,-204.1589989,-124.8110752,-0.327472475,-204.8080012,-125.6983208,-0.320973835,-205.4363591,-126.4815301,-0.297379918,-206.0713192,-127.2973382,-0.292251689,-206.8790783,-128.6235643,-0.299420248,-207.5238892,-129.4001145,-0.317264167,-208.2749046,-130.4488805,-0.328192241,-208.8730806,-131.0691003,-0.339370105
-200.8242015,-113.8089414,-0.069544675,-202.868853,-122.9686083,-0.398801002,-203.5357453,-124.0053824,-0.370460856,-204.2231436,-125.0677576,-0.332197266,-204.8764863,-125.9574405,-0.32519387,-205.5085913,-126.7415825,-0.301194576,-206.1484158,-127.5594607,-0.295954195,-206.9607684,-128.8850055,-0.302803494,-207.6100712,-129.6627226,-0.32044672,-208.365203,-130.7107336,-0.331228718,-208.9680297,-131.3321975,-0.342288258
-200.8588246,-114.0743018,-0.081453244,-202.9276009,-123.2267735,-0.404813191,-203.597335,-124.2621341,-0.375722411,-204.2879147,-125.3240987,-0.336883869,-204.9454494,-126.2159856,-0.329372628,-205.581251,-127.0010326,-0.304966751,-206.2258954,-127.8209667,-0.299610433,-207.0429457,-129.1462075,-0.306151251,-207.6965723,-129.9246618,-0.323585509,-208.4558056,-130.9719107,-0.334229239,-209.0632484,-131.5946092,-0.3451617
-200.894145,-114.3394929,-0.093409035,-202.9870304,-123.4847711,-0.410778799,-203.659609,-124.5187357,-0.380855032,-204.3533309,-125.5801314,-0.341536137,-205.0148982,-126.4739615,-0.333513073,-205.6543442,-127.2598833,-0.308698898,-206.3037612,-128.0818565,-0.303219198,-207.1254892,-129.4067643,-0.309465179,-207.7833981,-130.1859325,-0.326684231,-208.5467183,-131.2324162,-0.337196283,-209.1587408,-131.8563353,-0.34799174
-200.930161,-114.6045093,-0.105402983,-203.0471419,-123.7426008,-0.416704747,-203.7225668,-124.7751852,-0.385858155,-204.4192091,-125.8350154,-0.346179441,-205.0848435,-126.7313858,-0.337617264,-205.72773,-127.51751,-0.312424367,-206.3820161,-128.3421264,-0.306779679,-207.208406,-129.6666794,-0.312748417,-207.8705557,-130.4465383,-0.329747211,-208.6379463,-131.4922524,-0.34013209,-209.2545115,-132.1173779,-0.350780378
-200.9668711,-114.8693446,-0.117428599,-203.1079352,-124.0002624,-0.422597009,-203.7862071,-125.0314758,-0.390731901,-204.485956,-126.0904367,-0.350778087,-205.1552993,-126.9882865,-0.341687161,-205.8017359,-127.7751437,-0.31611987,-206.4606637,-128.6017754,-0.310292043,-207.2917029,-129.9259578,-0.316003854,-207.9578615,-130.7059163,-0.332778762,-208.7294954,-131.7514213,-0.343038765,-209.3505651,-132.3777401,-0.35352958
-201.0042524,-115.1336705,-0.129506396,-203.1694092,-124.2577539,-0.428460518,-203.8505281,-125.2875981,-0.395476812,-204.5533489,-126.3455495,-0.355317288,-205.2262774,-127.2446838,-0.345723759,-205.8761895,-128.032185,-0.31978007,-206.5397089,-128.8608059,-0.31375783,-207.3753856,-130.184605,-0.319232953,-208.0457373,-130.9651809,-0.335821853,-208.821372,-132.0099256,-0.345918345,-209.4469059,-132.6374255,-0.356240749
-201.0423837,-115.3980967,-0.141627619,-203.2315626,-124.5150719,-0.434299527,-203.9155277,-125.5435434,-0.400094003,-204.6213863,-126.6003508,-0.359790684,-205.2977854,-127.5005831,-0.349725059,-205.9510959,-128.2886342,-0.323406743,-206.6191569,-129.1192208,-0.317179733,-207.4594588,-130.4426257,-0.322436608,-208.1339612,-131.2237936,-0.338834289,-208.9135816,-132.2677664,-0.348772705,-209.5435381,-132.8964374,-0.358914825
-201.0812054,-115.6623347,-0.153770157,-203.2943939,-124.7722125,-0.440118,-203.9812047,-125.7993056,-0.404585612,-204.6900747,-126.8548687,-0.364186789,-205.3698324,-127.7559965,-0.353686614,-206.0264634,-128.544498,-0.327002973,-206.699014,-129.3770242,-0.320561025,-207.5439268,-130.7000214,-0.325615459,-208.222537,-131.481755,-0.341816053,-209.0059306,-132.5243291,-0.351624896,-209.6402837,-133.1541828,-0.361591356
-201.1207168,-115.9263841,-0.165928619,-203.357658,-125.0280798,-0.445945492,-204.0473279,-126.053877,-0.408984955,-204.7594294,-127.1091613,-0.368495442,-205.4422279,-128.0101283,-0.357635482,-206.1023025,-128.7997879,-0.330572489,-206.7791114,-129.6335906,-0.323925109,-207.628793,-130.9567884,-0.328770808,-208.3114678,-131.7390626,-0.344767638,-209.0988519,-132.7808214,-0.354471979,-209.737545,-133.4118196,-0.364238415
-201.160917,-116.1902428,-0.178095937,-203.4218723,-125.284833,-0.451773452,-204.1143867,-126.30925,-0.413272964,-204.8294645,-127.3632799,-0.372717254,-205.5154179,-128.2646156,-0.361549391,-206.1786226,-129.0545126,-0.334118857,-206.8598379,-129.8901585,-0.327272581,-207.7140627,-131.2129256,-0.331904909,-208.400758,-131.9957163,-0.347690469,-209.1921152,-133.0366535,-0.357293718,-209.8351091,-133.6687804,-0.366852244
-201.2018049,-116.4539051,-0.19026597,-203.4867636,-125.5414031,-0.45759508,-204.1821217,-126.5644387,-0.417450049,-204.9001872,-127.6172509,-0.376852753,-205.5891814,-128.5186705,-0.365424682,-206.2554309,-129.3086753,-0.337643714,-206.9409905,-130.1461204,-0.330585854,-207.7997426,-131.4684354,-0.335020956,-208.4904131,-132.2517183,-0.350586976,-209.2857228,-133.291825,-0.360091149,-209.9329818,-133.9250679,-0.369435179
-201.2433787,-116.7173622,-0.20243444,-203.5523325,-125.7977906,-0.46341527,-204.250533,-126.8194434,-0.421522776,-204.9715979,-127.8710756,-0.38089762,-205.6635327,-128.7723132,-0.369262775,-206.3327376,-129.5622904,-0.341146792,-207.0225737,-130.401476,-0.333865903,-207.8856307,-131.7226494,-0.33814013,-208.5804382,-132.5070713,-0.353460043,-209.3796782,-133.5463351,-0.362866414,-210.0311687,-134.1806855,-0.371989678
-201.2856367,-116.9806068,-0.214597077,-203.6185786,-126.0539954,-0.469238286,-204.3196204,-127.0742627,-0.425497745,-205.0436927,-128.1247398,-0.384845398,-205.7384915,-129.0255803,-0.373065842,-206.4105572,-129.815387,-0.34462869,-207.1045936,-130.6562286,-0.337114747,-207.9721798,-131.9768899,-0.341268101,-208.6708378,-132.7617764,-0.356311975,-209.4739864,-133.800185,-0.365621802,-210.1296758,-134.4356375,-0.37451783
-201.3285776,-117.2436355,-0.226748568,-203.685501,-126.3100148,-0.475067808,-204.3893832,-127.3288937,-0.42938131,-205.1164659,-128.3782238,-0.388691506,-205.8140746,-129.2785034,-0.376835799,-206.4889029,-130.0679891,-0.348090941,-207.1870558,-130.91038,-0.340335972,-208.0591533,-132.2305117,-0.344383755,-208.7616162,-133.0158354,-0.359144302,-209.5686526,-134.0533776,-0.368359424,-210.2285089,-134.6899286,-0.377021372
-201.3722001,-117.5064491,-0.238881007,-203.7530984,-126.5658446,-0.480906921,-204.4598208,-127.5833333,-0.433179662,-205.1899127,-128.6315111,-0.392435732,-205.8902886,-129.5310919,-0.380569872,-206.5677837,-130.3201053,-0.351533631,-207.2699669,-131.1639304,-0.343534367,-208.1465552,-132.483517,-0.347487648,-208.8527778,-133.2692511,-0.361958273,-209.663682,-134.3059156,-0.371080796,-210.327673,-134.9435604,-0.379501624
-201.4165038,-117.769052,-0.250983967,-203.8213692,-126.82148,-0.48675839,-204.5309321,-127.8375786,-0.436899141,-205.26403,-128.8845888,-0.396081803,-205.967134,-129.7833424,-0.384261779,-206.6472106,-130.5717505,-0.354954495,-207.3533365,-131.4168872,-0.346714599,-208.2343894,-132.7359055,-0.350580986,-208.9443275,-133.5220243,-0.364755416,-209.7590795,-134.5578018,-0.373786744,-210.427172,-135.1965307,-0.381959736
-201.4614878,-118.031447,-0.26304676,-203.8903126,-127.0769174,-0.492624949,-204.6027159,-128.0916273,-0.440546546,-205.338815,-129.1374462,-0.399635159,-206.0446114,-130.0352524,-0.38790627,-206.7271984,-130.8229516,-0.358352157,-207.4371764,-131.669265,-0.349881037,-208.3226636,-132.9876825,-0.353666133,-209.0360134,-133.7734382,-0.367541943,-209.85485,-134.8090395,-0.376477887,-210.5270107,-135.4488389,-0.384396942
-201.5071514,-118.2936343,-0.275059366,-203.9599281,-127.3321549,-0.498509267,-204.6751716,-128.3454781,-0.444129333,-205.4142656,-129.3900765,-0.403101222,-206.1227226,-130.286825,-0.391499881,-206.8077615,-131.0737304,-0.361727007,-207.5214973,-131.9210795,-0.353035303,-208.4113874,-133.2388582,-0.356745927,-209.1283869,-134.0249088,-0.370349655,-209.9509978,-135.0596299,-0.379154807,-210.62692,-135.6997819,-0.3868207
-201.5534941,-118.5556129,-0.287012145,-204.0302154,-127.5871915,-0.504413764,-204.7482984,-128.5991295,-0.447655654,-205.4903809,-129.6424777,-0.406484173,-206.2014735,-130.5380826,-0.395035291,-206.8889194,-131.3241192,-0.365080756,-207.6063084,-132.1723498,-0.356175081,-208.5005694,-133.4894408,-0.359822907,-209.2211676,-134.2757469,-0.373147126,-210.0475263,-135.3095714,-0.38181811,-210.7274865,-135.9507464,-0.389262556
-201.6005153,-118.8173822,-0.298896108,-204.1011744,-127.8420269,-0.510340237,-204.8220962,-128.8525797,-0.451134226,-205.5671612,-129.8946537,-0.409787424,-206.280876,-130.7890656,-0.398503069,-206.9704206,-131.5732602,-0.36843539,-207.6916193,-132.4230968,-0.35929697,-208.5902158,-133.739434,-0.362897436,-209.3143605,-134.525952,-0.375936005,-210.1441518,-135.5581096,-0.384473932,-210.8284097,-136.2010579,-0.391689368
-201.6480916,-119.0781734,-0.310720576,-204.1728044,-128.0966602,-0.516289669,-204.8965648,-129.1058271,-0.454573791,-205.6446087,-130.1466133,-0.413015093,-206.3609403,-131.0398079,-0.401897674,-207.0528577,-131.8229537,-0.371790379,-207.7774366,-132.6733323,-0.362398011,-208.6803349,-133.9888495,-0.365967852,-209.4079704,-134.7755248,-0.37871754,-210.2414817,-135.8067308,-0.387149019,-210.9296956,-136.4507209,-0.394102626
-201.6964994,-119.3394833,-0.32248522,-204.2451043,-128.3510897,-0.522262325,-204.971704,-129.3588693,-0.457982816,-205.7224307,-130.3973536,-0.416190923,-206.4416707,-131.2903255,-0.405214553,-207.1359412,-132.0723404,-0.375126306,-207.863765,-132.9230539,-0.365476801,-208.7709389,-134.2377097,-0.369033051,-209.502003,-135.0244678,-0.381493412,-210.339206,-136.0547074,-0.389814321,-211.0313487,-136.6997374,-0.396503235
-201.7455828,-119.6005757,-0.334163199,-204.3180731,-128.6053131,-0.528257888,-205.0475134,-129.6117048,-0.461369137,-205.8012457,-130.6488821,-0.419319124,-206.523069,-131.5406242,-0.408448171,-207.2196708,-132.3214282,-0.378421576,-207.950616,-133.1722751,-0.368533073,-208.8620399,-134.4860339,-0.372092254,-209.5964645,-135.272784,-0.384265337,-210.4373316,-136.3020431,-0.392472421,-211.1333723,-136.9481059,-0.398891187
-201.7953403,-119.8614435,-0.345752059,-204.3917099,-128.8593271,-0.534275954,-205.123992,-129.8643324,-0.464739896,-205.8807319,-130.9002047,-0.422390321,-206.6051361,-131.7907089,-0.411594408,-207.3040522,-132.5702438,-0.381652541,-208.0377107,-133.420177,-0.37157042,-208.9536546,-134.7338499,-0.375144373,-209.6913659,-135.5204884,-0.387034854,-210.5358659,-136.5487432,-0.395125708,-211.2357694,-137.1958254,-0.401266095
-201.8457699,-120.1220808,-0.357248896,-204.4660134,-129.1131264,-0.540315924,-205.201139,-130.1167505,-0.468101989,-205.9608886,-131.1513179,-0.425411084,-206.6878727,-132.0405822,-0.414651734,-207.389092,-132.8188145,-0.384809268,-208.1256858,-133.6684639,-0.374624145,-209.0458039,-134.9811941,-0.378188524,-209.786723,-135.7676071,-0.389803797,-210.6348155,-136.7948101,-0.397775974,-211.338544,-137.4428969,-0.403628192
-201.8968695,-120.3824845,-0.368649046,-204.540607,-129.3653826,-0.546391745,-205.2789533,-130.3689579,-0.471462193,-206.0417146,-131.4022174,-0.428387459,-206.7712785,-132.290243,-0.417621348,-207.4747958,-133.0671586,-0.387891698,-208.2142327,-133.9163211,-0.377666164,-209.1385032,-135.2280879,-0.381223511,-209.8825497,-136.0141608,-0.392573085,-210.7341851,-137.040244,-0.400423464,-211.4417002,-137.6893209,-0.40597878
-201.9486377,-120.6426549,-0.379946715,-204.6162656,-129.6187079,-0.552506949,-205.3571079,-130.6198004,-0.474858677,-206.1232079,-131.6528986,-0.4313249,-206.8550278,-132.5386714,-0.420523432,-207.5611678,-133.3152852,-0.390903101,-208.3033669,-134.1637655,-0.380696353,-209.2317602,-135.4745312,-0.384246258,-209.9788542,-136.2601567,-0.395340476,-210.8339827,-137.2850538,-0.403067248,-211.5452441,-137.9351004,-0.408320014
-202.0010732,-120.9025926,-0.391136103,-204.6925861,-129.8718027,-0.558637511,-205.4362829,-130.8715603,-0.478271759,-206.2053666,-131.903358,-0.434228986,-206.9397979,-132.7878846,-0.423361773,-207.6482081,-133.5631915,-0.39384554,-208.3931095,-134.4108305,-0.383714529,-209.3252536,-135.7196125,-0.387270215,-210.0756456,-136.5056039,-0.398100921,-210.9342209,-137.5292597,-0.405707186,-211.6491826,-138.18024,-0.410654184
-202.0541749,-121.1622967,-0.402212019,-204.7695681,-130.1246684,-0.564780167,-205.516124,-131.1231022,-0.481704072,-206.2881894,-132.1535931,-0.437105702,-207.0252359,-133.036879,-0.426123702,-207.7359138,-133.8108667,-0.396718408,-208.4834785,-134.6575487,-0.386719676,-209.419684,-135.96516,-0.390292237,-210.1729364,-136.7505209,-0.400850432,-211.0349124,-137.77288,-0.408343128,-211.7535215,-138.4247422,-0.412982884
-202.1079425,-121.4217657,-0.413169938,-204.8472125,-130.3773102,-0.570932099,-205.5966312,-131.3744248,-0.485161712,-206.3716756,-132.4036021,-0.439961724,-207.1113408,-133.2856504,-0.428812783,-207.8242799,-134.0582972,-0.399518612,-208.5744766,-134.9039292,-0.389705638,-209.5147151,-136.2103105,-0.393299373,-210.2707381,-136.9949225,-0.403587759,-211.1360733,-138.0159394,-0.410973739,-211.8582646,-138.668608,-0.415305587
-202.1623756,-121.6809973,-0.424005498,-204.92552,-130.6297317,-0.57709067,-205.6778039,-131.6255269,-0.488649594,-206.4558255,-132.6533852,-0.442804268,-207.1981104,-133.5341917,-0.431432298,-207.9133028,-134.3054743,-0.402242573,-208.6660986,-135.1499631,-0.392664795,-209.6103551,-136.4550765,-0.396291554,-210.3690582,-137.2388149,-0.406312508,-211.2377226,-138.2584676,-0.413596962,-211.9634164,-138.9118411,-0.417620341
-202.2174735,-121.9399888,-0.434714421,-205.0044913,-130.8819338,-0.583253074,-205.7596408,-131.8764069,-0.492171742,-206.5406397,-132.9029437,-0.445640721,-207.2855415,-133.7824936,-0.433985421,-208.0029823,-134.5523998,-0.404889252,-208.7583365,-135.3956342,-0.395589961,-209.7066051,-136.6994589,-0.399264503,-210.4679072,-137.4822112,-0.409023466,-211.3398739,-138.5004809,-0.416209902,-212.0689833,-139.1544502,-0.419925627
-202.2732351,-122.1987388,-0.445292204,-205.0841261,-131.1339143,-0.589415654,-205.8421409,-132.1270635,-0.495731702,-206.626119,-133.1522786,-0.448478305,-207.3736316,-134.0305486,-0.436475625,-208.0933205,-134.7990805,-0.407460883,-208.8511841,-135.6409296,-0.398476131,-209.8034645,-136.9434555,-0.402212371,-210.5672994,-137.7251347,-0.411719906,-211.4425332,-138.74198,-0.418807578,-212.1746036,-139.3955468,-0.422242893
-202.329659,-122.4572457,-0.455734332,-205.1644236,-131.3856692,-0.595574024,-205.9253031,-132.3774946,-0.499332713,-206.7122632,-133.401389,-0.451323721,-207.4623792,-134.2783539,-0.438907139,-208.18432,-135.045524,-0.409961898,-208.9446451,-135.8858597,-0.401318438,-209.9009335,-137.1870666,-0.405127767,-210.6668515,-137.9666309,-0.414404909,-211.5457071,-138.9829693,-0.421383702,-212.2810466,-139.6369121,-0.424559428
-202.3867435,-122.7155081,-0.466036633,-205.2453829,-131.6371958,-0.601723188,-206.009127,-132.6276991,-0.502977902,-206.7990711,-133.6502702,-0.454182968,-207.5517849,-134.5259121,-0.441285193,-208.2759826,-135.2917355,-0.412397012,-209.038732,-136.1304577,-0.404112739,-209.9990209,-137.4303175,-0.407994261,-210.7673929,-138.2086391,-0.417100877,-211.649407,-139.2234654,-0.42393495,-212.387939,-139.8777006,-0.426865249
-202.4444871,-122.9735246,-0.476195436,-205.3270028,-131.8884918,-0.607857752,-206.0936128,-132.8776768,-0.506670123,-206.88654,-133.8989142,-0.457061058,-207.6418496,-134.7732268,-0.443615628,-208.3683086,-135.5377153,-0.414769985,-209.1334572,-136.3747558,-0.406857688,-210.0977461,-137.673261,-0.410794249,-210.8685292,-138.4502468,-0.419779836,-211.7536446,-139.463484,-0.426462235,-212.4952941,-140.117929,-0.429159633
-202.5028889,-123.231293,-0.486207803,-205.4092821,-132.1395557,-0.613972484,-206.1787607,-133.1274273,-0.510411674,-206.9746673,-134.1473136,-0.459962164,-207.7325738,-135.0203,-0.445904211,-208.4612964,-135.7834588,-0.417083509,-209.2288276,-136.6187719,-0.409548906,-210.1971272,-137.9159435,-0.413521716,-210.9702776,-138.691477,-0.422440578,-211.8584289,-139.7030294,-0.428968898,-212.6031186,-140.3576016,-0.431439156
-202.5616954,-123.4875966,-0.496096497,-205.4922197,-132.3903869,-0.620062358,-206.2645703,-133.3769488,-0.514204261,-207.0634518,-134.3954657,-0.462889898,-207.8239575,-135.2671321,-0.448156291,-208.5549435,-136.0289576,-0.419339724,-209.3248468,-136.8625163,-0.412176786,-210.2971731,-138.1583874,-0.416174081,-211.0726452,-138.9323407,-0.425075121,-211.9637751,-139.9421173,-0.431456884,-212.7114196,-140.5967249,-0.433697965
-202.6214371,-123.7448337,-0.505842909,-205.5758149,-132.6409836,-0.626122637,-206.3510389,-133.626233,-0.518048872,-207.1528933,-134.6433714,-0.465847944,-207.9160002,-135.5137226,-0.450376976,-208.6492466,-136.2742021,-0.421540798,-209.4215192,-137.106001,-0.414733018,-210.3978838,-138.4005901,-0.418746541,-211.1756344,-139.1728527,-0.427660063,-212.0692656,-140.1797248,-0.433952652,-212.8202088,-140.8353157,-0.435931902
-202.6818348,-124.001821,-0.515434142,-205.6600677,-132.8913455,-0.632148713,-206.4381614,-133.8752647,-0.521944965,-207.2425878,-134.889918,-0.468841205,-208.0087012,-135.7600693,-0.452571459,-208.7438388,-136.5181646,-0.423718644,-209.5188479,-137.3492343,-0.417212384,-210.4992516,-138.64253,-0.42123218,-211.2792567,-139.4130494,-0.43017055,-212.1758169,-140.4179608,-0.436434121,-212.9294965,-141.0733863,-0.438140459
-202.7428873,-124.2585572,-0.524867322,-205.7449785,-133.1414733,-0.638136018,-206.525933,-134.1240304,-0.525891065,-207.3333715,-135.1373195,-0.471905054,-208.1020595,-136.0061688,-0.454745508,-208.8394738,-136.7628666,-0.425852669,-209.616834,-137.5922196,-0.419612245,-210.6012662,-138.8841805,-0.423625305,-211.383523,-139.6529627,-0.432596171,-212.2829757,-140.6558126,-0.438885412,-213.0392913,-141.3109396,-0.440325538
-202.8045926,-124.5150399,-0.534139993,-205.8305476,-133.391367,-0.644079826,-206.6143511,-134.3725238,-0.52988515,-207.4248128,-135.3844788,-0.475008951,-208.1960735,-136.2520158,-0.456905404,-208.9357613,-137.0073041,-0.427944402,-209.7154767,-137.8349564,-0.421932389,-210.7039197,-139.1255241,-0.425922565,-211.4884415,-139.8926103,-0.434935866,-212.3907454,-140.893299,-0.441282195,-213.1496098,-141.5479934,-0.442488591
-202.8669489,-124.7712666,-0.543250124,-205.9167747,-133.6410256,-0.649975185,-206.7034169,-134.62075,-0.533924813,-207.5169114,-135.6313952,-0.47815485,-208.2907412,-136.4976037,-0.459057404,-209.0327019,-137.2514796,-0.430000122,-209.8147746,-138.0774416,-0.424174392,-210.8072091,-139.3665574,-0.428123157,-211.5940142,-140.1319912,-0.437190499,-212.4991387,-141.130458,-0.443598563,-213.2604758,-141.7845801,-0.444631155
-202.9299545,-125.0272339,-0.552196284,-206.0031416,-133.8888801,-0.655843563,-206.7931348,-134.8687222,-0.538008645,-207.6096664,-135.8780666,-0.481344076,-208.3860607,-136.7429267,-0.461207524,-209.1302965,-137.4953956,-0.432026129,-209.9147255,-138.3196698,-0.426341024,-210.911137,-139.60729,-0.430229269,-211.7002335,-140.371083,-0.439358803,-212.608168,-141.3673207,-0.44582353,-213.3719102,-142.0207292,-0.446752773
-202.9936088,-125.2829404,-0.560977509,-206.0907044,-134.1380286,-0.661661397,-206.8830642,-135.115161,-0.542160937,-207.703077,-136.12449,-0.484577698,-208.4820312,-136.9879831,-0.463361281,-209.2285447,-137.7390523,-0.434028058,-210.0149258,-138.5606095,-0.428458242,-211.0157078,-139.8477344,-0.432245068,-211.8070892,-140.6098597,-0.441437842,-212.717845,-141.6039097,-0.447955804,-213.4839245,-142.256458,-0.448848179
-203.0579112,-125.5383857,-0.56959286,-206.1789195,-134.3869249,-0.667413915,-206.9741216,-135.3626353,-0.54636339,-207.7971418,-136.3706611,-0.48785654,-208.5782336,-137.231666,-0.465540874,-209.3274453,-137.9824481,-0.436010913,-210.1161993,-138.8022842,-0.430514473,-211.1209242,-140.0878951,-0.434175971,-211.9145736,-140.8483081,-0.443422334,-212.8281772,-141.8402355,-0.449995698,-213.5965228,-142.4917704,-0.450909805
-203.1228615,-125.7935699,-0.578041455,-206.2677853,-134.6355659,-0.673095548,-207.0658366,-135.6098736,-0.550602696,-207.8918594,-136.6165742,-0.49118078,-208.6755334,-137.4761768,-0.467751585,-209.4269968,-138.2255798,-0.43797942,-210.21812,-139.0436819,-0.432503929,-211.2267848,-140.3277643,-0.43602669,-212.0226865,-141.0864328,-0.445308275,-212.9391665,-142.076298,-0.451942304,-213.7097042,-142.7266605,-0.45293056
-203.1884592,-126.0484931,-0.58632227,-206.3573015,-134.8839522,-0.678701523,-207.158208,-135.8568725,-0.554873728,-207.9872282,-136.862225,-0.494550013,-208.7734851,-137.7204251,-0.469981195,-209.5271971,-138.4684431,-0.439938709,-210.3206866,-139.2848006,-0.434428686,-211.3328301,-140.5662819,-0.437809559,-212.131432,-141.3242477,-0.447095304,-213.0508098,-142.3120891,-0.453792647,-213.8234667,-142.9611236,-0.454903574
-203.2547028,-126.3031535,-0.594434411,-206.4474683,-135.1320855,-0.684227552,-207.2512337,-136.1036269,-0.559171078,-208.0832474,-137.1076111,-0.497963221,-208.872088,-137.9644106,-0.47223351,-209.6280455,-138.7110344,-0.441894718,-210.4238978,-139.5256399,-0.436291016,-211.4399789,-140.8054896,-0.43953859,-212.2408143,-141.5617636,-0.448786663,-213.1630991,-142.5475933,-0.455542663,-213.9378158,-143.1951735,-0.456818401
-203.3215906,-126.5575482,-0.602377417,-206.5382858,-135.379967,-0.689669338,-207.3449123,-136.3501317,-0.563489841,-208.1799165,-137.3527319,-0.501418951,-208.9713411,-138.2081319,-0.474511785,-209.729542,-138.9533511,-0.443853662,-210.5277529,-139.7662013,-0.438094293,-211.5477518,-141.0443611,-0.441191441,-212.3508385,-141.7989888,-0.450387349,-213.2760257,-142.7827943,-0.457189143,-214.0527672,-143.4288454,-0.458664346
-203.3891209,-126.8116738,-0.610151159,-206.6297541,-135.6275974,-0.695022405,-207.4392422,-136.5963814,-0.567825491,-208.2772358,-137.5975886,-0.504915538,-209.071243,-138.4515865,-0.47681894,-209.8316865,-139.1953919,-0.445821519,-210.6322509,-140.0064846,-0.439842972,-211.6561529,-141.2829102,-0.442769837,-212.4615089,-142.0359293,-0.451902318,-213.3895829,-143.0176797,-0.458731193,-214.1683366,-143.6621727,-0.460435457
-203.4572922,-127.0655272,-0.617756003,-206.7218728,-135.8749769,-0.700282213,-207.5342212,-136.8423696,-0.572173212,-208.3752055,-137.8421824,-0.508450785,-209.1717923,-138.6947709,-0.479158051,-209.9344792,-139.4371576,-0.447803031,-210.7373917,-140.2464869,-0.44154305,-211.7651883,-141.5211546,-0.444278334,-212.5728273,-142.2725859,-0.453335288,-213.5037679,-143.2522437,-0.460170816,-214.2845321,-143.895173,-0.462125879
-203.5261034,-127.3191068,-0.625192662,-206.8146414,-136.1221046,-0.705444241,-207.6298478,-137.0880916,-0.576527765,-208.4738253,-138.0865137,-0.512021694,-209.2729885,-138.9376816,-0.481532386,-210.0379188,-139.6786478,-0.449801625,-210.8431722,-140.4861976,-0.443201143,-211.8748626,-141.7591052,-0.4457232,-212.6847928,-142.5089563,-0.454687895,-213.6185818,-143.4864877,-0.461512028,-214.4013571,-144.1278534,-0.463727843
-203.5955537,-127.5724115,-0.632461961,-206.908059,-136.3689776,-0.710504326,-207.7261214,-137.3335464,-0.58088354,-208.5730943,-138.3305818,-0.5156246,-209.3748307,-139.1803146,-0.483944723,-210.1420036,-139.9198618,-0.451820032,-210.9495848,-140.7255958,-0.444822653,-211.9851802,-141.9967685,-0.447111015,-212.7974012,-142.7450327,-0.455960796,-213.7340274,-143.720416,-0.462759614,-214.5187033,-144.3599972,-0.465235546
-203.6656424,-127.825441,-0.639564627,-207.0021243,-136.6155916,-0.71545868,-207.8230424,-137.5787354,-0.585235055,-208.6730114,-138.5743848,-0.519255382,-209.4773185,-139.4226676,-0.486396949,-210.246732,-140.1607977,-0.453860863,-211.0566226,-140.9646657,-0.446411354,-212.0961436,-142.2341465,-0.448447699,-212.9106464,-142.9808043,-0.457154973,-213.8501071,-143.9540331,-0.46391793,-214.6363723,-144.59117,-0.466666106
-203.7363686,-128.0781954,-0.646500937,-207.0968355,-136.8619409,-0.720303489,-207.9206115,-137.8236609,-0.58957677,-208.7735752,-138.8179194,-0.522910132,-209.580451,-139.6647403,-0.488889536,-210.3521024,-140.4014497,-0.455928023,-211.1642841,-141.203407,-0.447968763,-212.2077536,-142.4712383,-0.449738487,-213.0240214,-143.2151897,-0.45828806,-213.9668209,-144.1873394,-0.464990111,-214.7551104,-144.8228866,-0.467996529
-203.8073107,-128.3290966,-0.653295779,-207.1921909,-137.10802,-0.725035199,-208.0188289,-138.0683244,-0.593902618,-208.8747848,-139.0611816,-0.526585327,-209.6842268,-139.9065322,-0.491421936,-210.458111,-140.6418059,-0.458026261,-211.2725743,-141.4418359,-0.449497594,-212.3200087,-142.7080408,-0.450987822,-213.13855,-143.4503128,-0.459364227,-214.0841667,-144.4203313,-0.465978479,-214.874478,-145.0542832,-0.469224992
-203.8793287,-128.5812748,-0.659930676,-207.2881893,-137.3538263,-0.729650461,-208.1176941,-138.3127258,-0.598205942,-208.9766398,-139.3041681,-0.530277344,-209.7886449,-140.148044,-0.493993282,-210.5647505,-140.8818458,-0.460159333,-211.3815,-141.6799716,-0.451002955,-212.432905,-142.9445468,-0.452200023,-213.2537078,-143.6851157,-0.460374932,-214.2021415,-144.6530035,-0.46688552,-214.9944744,-145.2853578,-0.470354291
-203.9519793,-128.8331727,-0.666399833,-207.3848301,-137.5993588,-0.734146283,-208.2172061,-138.556864,-0.602479852,-209.0786261,-139.5456236,-0.53399671,-209.8937037,-140.3892727,-0.496603286,-210.6715347,-141.1204725,-0.462333026,-211.4910654,-141.917824,-0.452491374,-212.5464374,-143.1807477,-0.453379745,-213.3694969,-143.9196014,-0.461327189,-214.3207426,-144.8853509,-0.467714803,-215.1150982,-145.516108,-0.471387821
-204.0252616,-129.0847888,-0.672704275,-207.4821134,-137.8446186,-0.738520208,-208.3173636,-138.8007369,-0.606717571,-209.1817958,-139.7880347,-0.537743821,-209.9993988,-140.6302064,-0.499253017,-210.7794486,-141.3598376,-0.464570861,-211.6012738,-142.1553975,-0.453969379,-212.6606017,-143.4166357,-0.454532316,-213.4859192,-144.1537732,-0.462227993,-214.4399685,-145.1173702,-0.468471213,-215.2363477,-145.7465307,-0.472328467
-204.0991753,-129.3361227,-0.678845215,-207.5800395,-138.0896071,-0.742769918,-208.4181653,-139.0443402,-0.610913186,-209.2856089,-140.0301679,-0.541492801,-210.105723,-140.870825,-0.50194269,-210.8879929,-141.5988929,-0.466843661,-211.7121273,-142.3926934,-0.455442799,-212.7753962,-143.652207,-0.455663891,-213.6029745,-144.3876313,-0.463083652,-214.5598189,-145.3490606,-0.469160769,-215.3582205,-145.9766218,-0.473178491
-204.1737201,-129.5871747,-0.684824053,-207.6779312,-138.3325781,-0.746917585,-208.5196103,-139.2876702,-0.615061434,-209.3900637,-140.2720228,-0.545237645,-210.2126698,-141.1111104,-0.504671683,-210.9971739,-141.8376564,-0.469152717,-211.8236265,-142.6297095,-0.456916559,-212.8908218,-143.8874624,-0.456781031,-213.720661,-144.6211727,-0.463899949,-214.6797486,-145.57933,-0.469811134,-215.4807141,-146.2063771,-0.473940114
-204.2488958,-129.8379457,-0.690642069,-207.7771666,-138.577007,-0.750945484,-208.6211023,-139.5292766,-0.619168373,-209.4951583,-140.5135962,-0.548972708,-210.3202363,-141.3510567,-0.507438071,-211.106995,-142.0761365,-0.471499719,-211.9357701,-142.8664432,-0.45839413,-213.00688,-144.1224038,-0.457890145,-213.8389761,-144.854393,-0.46468251,-214.8008695,-145.8103499,-0.470415532,-215.6038269,-146.435793,-0.474616299
-204.324701,-130.0884352,-0.696300309,-207.8770429,-138.8211643,-0.754840626,-208.7238561,-139.7720289,-0.623240945,-209.6008918,-140.7548838,-0.552693927,-210.4284255,-141.590675,-0.510237182,-211.217459,-142.3143367,-0.47388597,-212.0485546,-143.1028879,-0.459878249,-213.1235718,-144.3570329,-0.458996893,-213.9579175,-145.0872879,-0.465437299,-214.9226141,-146.0410401,-0.470973359,-215.7275581,-146.6648682,-0.475211233
-204.4011339,-130.3386412,-0.701799951,-207.9775584,-139.0650462,-0.75860059,-208.8272514,-140.0145022,-0.627249472,-209.7072612,-140.9958753,-0.556398006,-210.536716,-141.828799,-0.513075523,-211.3285676,-142.5522567,-0.476311668,-212.161975,-143.339035,-0.461371353,-213.2408965,-144.5913489,-0.460106001,-214.0774842,-145.3198549,-0.466170772,-215.044981,-146.2713981,-0.471491356,-215.8519083,-146.8936025,-0.475730286
-204.4781928,-130.5885614,-0.70714235,-208.0787121,-139.3086492,-0.762223933,-208.9312864,-140.256696,-0.631187571,-209.8142596,-141.2365517,-0.560080423,-210.6461961,-142.0678043,-0.51596316,-211.4403209,-142.7898944,-0.478776135,-212.2755313,-143.5738,-0.462898728,-213.3588521,-144.8253485,-0.46122151,-214.1976757,-145.5520933,-0.466889677,-215.1679684,-146.5014211,-0.471976428,-215.9768779,-147.121997,-0.47617932
-204.5558756,-130.8381919,-0.712329618,-208.1805034,-139.5519702,-0.765709577,-209.0359601,-140.49861,-0.635049306,-209.9218815,-141.4769002,-0.563735348,-210.7563153,-142.3065267,-0.518875448,-211.552718,-143.0272469,-0.48127764,-212.390236,-143.8093164,-0.464449202,-213.4774363,-145.0590275,-0.462347078,-214.3184923,-145.784003,-0.467600731,-215.2915753,-146.7311065,-0.472435922,-216.1024666,-147.3500519,-0.476563828
-204.6341805,-131.0875272,-0.717366143,-208.2829321,-139.7950067,-0.769056664,-209.1412701,-140.7402401,-0.638829864,-210.0301258,-141.7169216,-0.567355133,-210.8670762,-142.5449681,-0.521809455,-211.6657554,-143.2643083,-0.483813683,-212.505571,-144.0445228,-0.466018295,-213.5966472,-145.2923823,-0.463486413,-214.4399338,-146.0155841,-0.468310239,-215.4158012,-146.960453,-0.472877402,-216.2286724,-147.5777652,-0.476888824
-204.7131046,-131.3365591,-0.722258159,-208.3859984,-140.0377599,-0.772263961,-209.2472132,-140.9815761,-0.642525947,-210.1389972,-141.9566312,-0.57093386,-210.9784797,-142.7831277,-0.524761463,-211.7794288,-143.501071,-0.486381373,-212.6215378,-144.2794217,-0.467609446,-213.715949,-145.5243404,-0.464657331,-214.5619994,-146.2468356,-0.469023956,-215.540646,-147.1894597,-0.473308426,-216.3554927,-147.8051337,-0.477159182
-204.7926453,-131.5852804,-0.727011665,-208.4897012,-140.2802297,-0.775329569,-209.3537829,-141.2225995,-0.646133413,-210.2485016,-142.1960464,-0.574467692,-211.0905267,-143.0210046,-0.527727354,-211.8937342,-143.7375284,-0.488977811,-212.7381382,-144.5140159,-0.469225393,-213.8364345,-145.7570263,-0.465866487,-214.6846879,-146.4777555,-0.469747141,-215.6661097,-147.4181269,-0.473735974,-216.4829247,-148.0321523,-0.477380645
-204.8728011,-131.8336892,-0.731631203,-208.5940392,-140.522416,-0.778251696,-209.4609727,-141.4632932,-0.649648243,-210.3586424,-142.435175,-0.577953313,-211.2032159,-143.2585961,-0.530702246,-212.0086699,-143.9736762,-0.491600518,-212.8553718,-144.7483051,-0.470867673,-213.9575456,-145.9893853,-0.467100141,-214.8079979,-146.7083415,-0.470484795,-215.7921909,-147.6464537,-0.474166193,-216.610964,-148.2588121,-0.477560434
-204.9535715,-132.0817887,-0.736118115,-208.6990107,-140.7643176,-0.781028944,-209.5687799,-141.7036516,-0.653066271,-210.4694225,-142.674021,-0.58138698,-211.316544,-143.4958967,-0.533680977,-212.1242362,-144.209514,-0.494247148,-212.973237,-144.9822864,-0.472536855,-214.0792818,-146.2214167,-0.468360977,-214.9319284,-146.938591,-0.471241852,-215.9188879,-147.8744383,-0.47460469,-216.7396041,-148.4851,-0.477706131
-205.0349579,-132.3295868,-0.740471065,-208.8046136,-141.0059286,-0.783661383,-209.6772054,-141.9436812,-0.656382118,-210.580844,-142.9125857,-0.584764437,-211.4305066,-143.7328991,-0.536658178,-212.2404345,-144.4450436,-0.496915206,-213.0917316,-145.2159558,-0.474232934,-214.2016422,-146.4531192,-0.469651154,-215.0564788,-147.1685025,-0.472023097,-216.0461987,-148.102078,-0.475056849,-216.8688395,-148.7110049,-0.477825472
-205.1169615,-132.577091,-0.744688419,-208.9108447,-141.247239,-0.786150008,-209.7862553,-142.1834001,-0.659592284,-210.6929077,-143.1508679,-0.588081018,-211.5451001,-143.9695962,-0.539628696,-212.357266,-144.680267,-0.499601586,-213.2108535,-145.4493094,-0.475955815,-214.3246255,-146.6844908,-0.470972413,-215.1816489,-147.3980748,-0.472833037,-216.1741212,-148.3293687,-0.475528567,-216.9986678,-148.9365229,-0.477925829
-205.1995825,-132.8243043,-0.748769062,-209.0176979,-141.4882315,-0.788495016,-209.8959358,-142.4228257,-0.662694907,-210.8056132,-143.3888659,-0.591331272,-211.6603229,-144.2059847,-0.542588034,-212.4747308,-144.9151843,-0.502302201,-213.3306017,-145.682345,-0.477705524,-214.4482302,-146.9155288,-0.472326252,-215.3074382,-147.6273076,-0.473675361,-216.302652,-148.5563026,-0.476026288,-217.1290914,-149.1616592,-0.478013785
-205.2828212,-133.0712282,-0.752712192,-209.1251673,-141.7288906,-0.790696665,-210.0062503,-142.6619653,-0.665688357,-210.9189571,-143.6265745,-0.594509511,-211.7761759,-144.4420646,-0.545532136,-212.5928271,-145.1497927,-0.505012181,-213.4509759,-145.9150616,-0.479482102,-214.5724556,-147.1462312,-0.473714131,-215.4338455,-147.8562001,-0.474552899,-216.4317846,-148.7828669,-0.476555677,-217.2601176,-149.3864266,-0.478096441
-205.3666772,-133.317863,-0.756517571,-209.2332497,-141.9692119,-0.792754312,-210.1172018,-142.9008227,-0.668570328,-211.0329352,-143.8639859,-0.597610169,-211.89266,-144.6778375,-0.548456892,-212.7115528,-145.3840885,-0.50772634,-213.5719762,-146.1474589,-0.481285378,-214.6973012,-147.3765964,-0.475137292,-215.5608689,-148.0847503,-0.475467869,-216.5615138,-149.0090512,-0.477121235,-217.3917527,-149.610837,-0.478181241
-205.4511501,-133.5642079,-0.760185782,-209.3419456,-142.2092013,-0.794666799,-210.2287924,-143.1393992,-0.671338184,-211.1469001,-144.0997165,-0.600648467,-212.0097764,-144.9133046,-0.551357595,-212.8309061,-145.6180682,-0.510439702,-213.6936024,-146.3795366,-0.483114671,-214.8227667,-147.6066237,-0.47659654,-215.6879231,-148.3118728,-0.476441733,-216.6918394,-149.234856,-0.477726039,-217.5239999,-149.8348966,-0.478274592
-205.5356287,-133.8084506,-0.763733568,-209.4512604,-142.4488757,-0.796434799,-210.341023,-143.3776938,-0.673989084,-211.2621589,-144.3364927,-0.60361459,-212.1275242,-145.1484652,-0.554228788,-212.9502927,-145.8505607,-0.513153959,-213.8158534,-146.6112931,-0.484968748,-214.9488519,-147.8363127,-0.478091824,-215.8161938,-148.5397127,-0.477467478,-216.8227667,-149.4602911,-0.478373469,-217.6562355,-150.0575263,-0.478397386
-205.6213481,-134.0541924,-0.767158868,-209.5603746,-142.6864323,-0.798069623,-210.453893,-143.6157057,-0.676519549,-211.3780448,-144.5729574,-0.606491968,-212.2459018,-145.3833159,-0.557064507,-213.0709207,-146.0838818,-0.51588486,-213.938728,-146.8427264,-0.486845894,-215.0755552,-148.0656622,-0.479622187,-215.9450735,-148.7671963,-0.47853786,-216.9543019,-149.6853675,-0.479067518,-217.7897219,-150.2808681,-0.478549239
-205.7076785,-134.299632,-0.770454345,-209.6709677,-142.9255011,-0.799589949,-210.5673992,-143.8534294,-0.678926181,-211.4945589,-144.8091114,-0.609278226,-212.3649067,-145.6178527,-0.559858792,-213.1921746,-146.3168823,-0.518602017,-214.0622248,-147.0738338,-0.488744159,-215.2028747,-148.29467,-0.481186078,-216.074557,-148.9943131,-0.479654824,-217.0864485,-149.9100918,-0.479811382,-217.9238119,-150.5038481,-0.478723767
-205.7946176,-134.5447644,-0.773623278,-209.7821961,-143.1642887,-0.80097359,-210.6808134,-144.089302,-0.681227472,-211.6117026,-145.0449572,-0.611970844,-212.484537,-145.8520719,-0.562606219,-213.3140539,-146.5495617,-0.521301043,-214.1863426,-147.3046126,-0.490661633,-215.3308082,-148.5233331,-0.482781765,-216.2046405,-149.221055,-0.480819215,-217.2192064,-150.1344655,-0.480606667,-218.0585044,-150.7264631,-0.478926225
-205.8821638,-134.7895876,-0.776668242,-209.8940626,-143.4027981,-0.802221721,-210.795603,-144.3264081,-0.683411829,-211.7294758,-145.2804948,-0.614566639,-212.6047917,-146.085971,-0.56530198,-213.4365578,-146.7819186,-0.523977331,-214.311081,-147.5350612,-0.492596379,-215.4593538,-148.7516476,-0.484408046,-216.3353233,-149.4474219,-0.482030568,-217.3525734,-150.3584858,-0.481453747,-218.1938004,-150.9487137,-0.479162173
-205.970317,-135.034104,-0.779591393,-210.0065682,-143.6410299,-0.803334448,-210.911018,-144.5632055,-0.685465982,-211.8478772,-145.5157221,-0.617062015,-212.725337,-146.318905,-0.567941764,-213.559685,-147.013951,-0.526626184,-214.4364397,-147.7651784,-0.494546312,-215.5885103,-148.9796093,-0.486064006,-216.4666096,-149.6734211,-0.483288743,-217.4865461,-150.5821482,-0.482352402,-218.3297018,-151.1706019,-0.479437056
-206.0590773,-135.2783167,-0.78239477,-210.1197094,-143.8789775,-0.804310968,-211.0270586,-144.7996935,-0.687389873,-211.9669049,-145.7506359,-0.619453423,-212.8465294,-146.5515042,-0.570552018,-213.6834342,-147.2456565,-0.529243014,-214.5624182,-147.9949637,-0.496508746,-215.7182753,-149.2072127,-0.487748219,-216.5985038,-149.899061,-0.484593977,-217.6204847,-150.8043671,-0.48331514,-218.4662097,-151.3921291,-0.479755389
-206.1484448,-135.5222282,-0.78507979,-210.2334809,-144.1166312,-0.805150739,-211.1437261,-145.0358736,-0.689183684,-212.0865569,-145.9852325,-0.621737817,-212.9686784,-146.7844189,-0.573100909,-213.8078044,-147.4770326,-0.531823605,-214.6890157,-148.2244163,-0.49848022,-215.848647,-149.4344533,-0.489458506,-216.7310087,-150.1243469,-0.485945647,-217.7556811,-151.0272848,-0.484345925,-218.6033226,-151.6132934,-0.480120502
-206.2384194,-135.7658402,-0.787646813,-210.3478776,-144.3539821,-0.805854225,-211.2610216,-145.271748,-0.690847271,-212.206832,-146.2195093,-0.623912867,-213.09145,-147.0170101,-0.575581551,-213.9327948,-147.7080774,-0.534364,-214.8156308,-148.4524031,-0.500482065,-215.9796248,-149.6613306,-0.491191869,-216.8641238,-150.3492795,-0.487341654,-217.891481,-151.2498381,-0.485429819,-218.7410373,-151.8340901,-0.480534663
-206.3290008,-136.0091536,-0.790095772,-210.4628959,-144.5910228,-0.806423236,-211.378945,-145.5073164,-0.69237982,-212.3277297,-146.4534649,-0.625976842,-213.2148428,-147.2492756,-0.577989892,-214.0584052,-147.9387896,-0.536860379,-214.9434823,-148.6811667,-0.502490939,-216.1112095,-149.8878461,-0.492945308,-216.9978472,-150.5738565,-0.488778854,-218.0278863,-151.4720295,-0.48656713,-218.8793503,-152.0545137,-0.480999535
-206.4201881,-136.2521684,-0.792426806,-210.5785352,-144.8277518,-0.806860722,-211.4974947,-145.7425765,-0.693780149,-212.4492496,-146.6870983,-0.627928398,-213.3388552,-147.4812124,-0.580322178,-214.1846353,-148.1691689,-0.539308709,-215.0719467,-148.9095889,-0.504497906,-216.2434021,-150.1140019,-0.494715848,-217.1321758,-150.7980739,-0.490253741,-218.1648976,-151.6938598,-0.487756929,-219.0182589,-152.2745596,-0.481516898
-206.5119802,-136.4948824,-0.794640536,-210.6947968,-145.0641706,-0.807170033,-211.6166687,-145.9775247,-0.695047187,-212.5713914,-146.9204091,-0.629766286,-213.4634863,-147.7128182,-0.582575218,-214.311484,-148.3992142,-0.541704529,-215.2010209,-149.1376623,-0.506500557,-216.3755687,-150.3386894,-0.496516236,-217.2671068,-151.0219269,-0.491763268,-218.3025132,-151.915327,-0.488997226,-219.1577606,-152.4942223,-0.482088743
-206.6043757,-136.7372921,-0.796738517,-210.8116828,-145.3002823,-0.807354274,-211.7364652,-146.2121574,-0.696180422,-212.6941544,-147.1533961,-0.631489314,-213.5887354,-147.9440912,-0.58474622,-214.4389493,-148.6289233,-0.544043217,-215.330699,-149.365375,-0.508495734,-216.5089988,-150.5641118,-0.498340532,-217.4026401,-151.2454139,-0.493304861,-218.4407299,-152.1364262,-0.490285051,-219.2978513,-152.7134946,-0.482716381
-206.6973724,-136.9793921,-0.79872268,-210.9291946,-145.5360899,-0.807415747,-211.8568831,-146.4464721,-0.697180038,-212.8175375,-147.3860578,-0.633096423,-213.7146022,-148.1750302,-0.58683262,-214.5670292,-148.8582938,-0.546320356,-215.4609759,-149.5927171,-0.510479877,-216.6430347,-150.7891747,-0.500169429,-217.5387768,-151.4685359,-0.494876282,-218.5795439,-152.3571514,-0.491617198,-219.438528,-152.9323721,-0.48339989
-206.7909682,-137.2211779,-0.800594874,-211.0473319,-145.7715932,-0.807355994,-211.9779218,-146.6804677,-0.698046791,-212.9415394,-147.6183922,-0.634586844,-213.8410864,-148.4056351,-0.588831686,-214.6957214,-149.0873212,-0.548532539,-215.5918488,-149.8196836,-0.512449137,-216.7776741,-151.0138753,-0.501998274,-217.6755185,-151.6912947,-0.496475077,-218.7189507,-152.5774944,-0.492990986,-219.5797904,-153.1508551,-0.484138014
-206.8851622,-137.4626477,-0.802356912,-211.1660931,-146.0067896,-0.80717614,-212.0995813,-146.9141434,-0.698781777,-213.0661592,-147.8503966,-0.635960341,-213.968187,-148.6359047,-0.590740373,-214.8250231,-149.3159992,-0.550677261,-215.7233191,-150.0462779,-0.514399498,-216.9129153,-151.2382105,-0.50382305,-217.8128652,-151.9136901,-0.498097863,-218.858944,-152.7974441,-0.49440327,-219.7216405,-153.3689486,-0.484929369
-206.9799538,-137.703802,-0.804010254,-211.2854761,-146.2416752,-0.806877431,-212.2218614,-147.1474994,-0.699386157,-213.1913961,-148.0820693,-0.637217079,-214.0959019,-148.8658374,-0.59255567,-214.95493,-149.5443183,-0.552751773,-215.8553926,-150.2725104,-0.516328082,-217.0487585,-151.4621795,-0.505640228,-217.9508147,-152.135719,-0.499740215,-218.9995187,-153.0169925,-0.495850427,-219.8640807,-153.5866577,-0.485772655
-207.0753433,-137.9446435,-0.805555876,-211.405479,-146.4762463,-0.806461707,-212.3447615,-147.3805346,-0.699861144,-213.3172498,-148.3134089,-0.638357517,-214.2242294,-149.0954304,-0.594274932,-215.0854379,-149.7722701,-0.554753359,-215.9880751,-150.4983917,-0.518232402,-217.1852049,-151.6857832,-0.50744662,-218.0893638,-152.3573773,-0.501397132,-219.1406731,-153.2361371,-0.497328233,-220.007112,-153.8039841,-0.486666326
-207.1713312,-138.1851749,-0.806994265,-211.5261008,-146.7105005,-0.805931373,-212.4682808,-147.6132478,-0.700208069,-213.4429645,-148.5429827,-0.639407275,-214.3531674,-149.3246799,-0.595896548,-215.2165448,-149.9998508,-0.556679209,-216.1213692,-150.7239274,-0.520108939,-217.322256,-151.9090231,-0.50923897,-218.22851,-152.5786602,-0.503063901,-219.2824086,-153.4548819,-0.498831589,-220.1507345,-154.0209285,-0.487608234
-207.2679172,-138.4253982,-0.80832509,-211.6473413,-146.9444369,-0.805289269,-212.5924181,-147.8456371,-0.700428551,-213.5700759,-148.7736392,-0.640349996,-214.4827147,-149.553582,-0.597419725,-215.3482512,-150.2270623,-0.55852669,-216.2552745,-150.9491177,-0.521953022,-217.4599112,-152.1318985,-0.511013339,-218.3682493,-152.799561,-0.504736577,-219.4247299,-153.6732358,-0.500355893,-220.2949485,-154.237491,-0.48859583
-207.3651008,-138.6653139,-0.809547423,-211.7682829,-147.1762558,-0.804557319,-212.7171726,-148.0777002,-0.700524723,-213.6978013,-149.00396,-0.64117674,-214.6128697,-149.7821322,-0.598843775,-215.4798494,-150.4526685,-0.560305855,-216.3897884,-151.1739594,-0.523759455,-217.5981682,-152.3544061,-0.512765075,-218.5085768,-153.0200708,-0.506410987,-219.567641,-153.891206,-0.501896961,-220.4397534,-154.4536704,-0.489626444
-207.4628806,-138.9049215,-0.810660303,-211.8907875,-147.4095458,-0.803734678,-212.8420153,-148.3084592,-0.700499073,-213.8261386,-149.2339425,-0.641887689,-214.743631,-150.0103267,-0.600168033,-215.6127894,-150.6791451,-0.562024634,-216.5249072,-151.3984462,-0.525523634,-217.7370241,-152.5765416,-0.514489342,-218.6487935,-153.2390644,-0.508100462,-219.7111435,-154.1087955,-0.503450241,-220.5851476,-154.6694626,-0.490697973
-207.5612553,-139.1442196,-0.811663149,-212.0139103,-147.6425175,-0.802808868,-212.9677137,-148.5392756,-0.700385515,-213.9550854,-149.4635823,-0.642483951,-214.8749977,-150.238164,-0.601391608,-215.7463386,-150.9052713,-0.563660279,-216.6606295,-151.6225747,-0.527242031,-217.8764758,-152.7983002,-0.51618184,-218.7903072,-153.4587584,-0.509794257,-219.8552377,-154.3260043,-0.505010476,-220.7311256,-154.8848576,-0.491808816
-207.6602235,-139.3832049,-0.812556316,-212.1376505,-147.8751695,-0.801782614,-213.0943443,-148.7703402,-0.700158522,-214.0846391,-149.6928734,-0.642967665,-215.0069691,-150.4656432,-0.602513753,-215.8804968,-151.1310479,-0.56521017,-216.7969557,-151.8463444,-0.528912184,-218.0165202,-153.0196762,-0.517839116,-218.9324037,-153.6780547,-0.511475035,-219.9999232,-154.5428319,-0.506572293,-220.877677,-155.0998383,-0.492956437
-207.7597844,-139.6218749,-0.813340885,-212.2620069,-148.1074997,-0.800658864,-213.2215907,-149.0010756,-0.699817128,-214.2147952,-149.9218064,-0.643340738,-215.1395456,-150.6927653,-0.603534169,-216.0152618,-151.3564721,-0.566671447,-216.9338872,-152.0697564,-0.530532085,-218.1571534,-153.2406623,-0.519457703,-219.0750862,-153.8969596,-0.513138004,-220.1451986,-154.7592754,-0.50813096,-221.0240831,-155.3133562,-0.494136825
-207.8599372,-139.860227,-0.814018163,-212.3869791,-148.3395066,-0.799440915,-213.349451,-149.2314801,-0.699363432,-214.3455498,-150.1503729,-0.643605142,-215.2719656,-150.9181966,-0.604471853,-216.1506303,-151.581539,-0.568041818,-217.0714249,-152.2928118,-0.532099276,-218.298372,-153.4612524,-0.521034089,-219.2183574,-154.1154785,-0.514778804,-220.2910601,-154.9753275,-0.509682644,-221.1717607,-155.5274426,-0.495368384
-207.9606814,-140.0982599,-0.81458909,-212.5125669,-148.5711889,-0.79813221,-213.4779232,-149.4615509,-0.698799767,-214.4769006,-150.3785688,-0.643762822,-215.4057775,-151.1445925,-0.605321096,-216.2866015,-151.8062457,-0.569320181,-217.2095675,-152.5155094,-0.533610722,-218.4401744,-153.6814448,-0.522564388,-219.3622185,-154.3336136,-0.516393027,-220.4375021,-155.1909777,-0.511223306,-221.3200286,-155.7411422,-0.496622364
-208.0612291,-140.3340979,-0.81506549,-212.6387703,-148.8025464,-0.796736171,-213.6070052,-149.6912839,-0.698129323,-214.6088483,-150.606396,-0.643815724,-215.5401937,-151.3706333,-0.606067348,-216.4231758,-152.0305921,-0.570506418,-217.3483124,-152.7378449,-0.53506284,-218.5825608,-153.9012411,-0.524044403,-219.5066699,-154.5513655,-0.517975877,-220.5845192,-155.4062167,-0.512748851,-221.4688715,-155.9544382,-0.497892955
-208.1631697,-140.571494,-0.815443169,-212.7655896,-149.0335796,-0.795255806,-213.736696,-149.9206757,-0.69735616,-214.7413971,-150.8338622,-0.643766747,-215.6752124,-151.5963169,-0.606710238,-216.5603545,-152.2545792,-0.571600863,-217.4873448,-152.9593172,-0.536452206,-218.7255334,-154.1206465,-0.525470517,-219.6517116,-154.768734,-0.519522665,-220.7321092,-155.6210419,-0.51425426,-221.6182927,-156.1673354,-0.499177063
-208.2656985,-140.8085746,-0.815711832,-212.8930236,-149.2642875,-0.793693657,-213.8669938,-150.1497215,-0.696484312,-214.8745517,-151.0609759,-0.643619118,-215.8108317,-151.8216403,-0.607250059,-216.6981385,-152.4782079,-0.572603592,-217.6268811,-153.1802238,-0.537804667,-218.8690944,-154.3396654,-0.526839532,-219.7973421,-154.9857161,-0.52102948,-220.8797121,-155.834646,-0.515733644,-221.7682942,-156.3798337,-0.500471756
-208.3688127,-141.0453353,-0.815871049,-213.0210706,-149.4946684,-0.792052096,-213.9978973,-150.3784177,-0.695517737,-215.0083147,-151.2877426,-0.643375383,-215.9470516,-152.0466026,-0.607687989,-216.8365265,-152.7014767,-0.573514179,-217.7674281,-153.401412,-0.539092215,-219.0132445,-154.5582992,-0.528148393,-219.9435561,-155.2023023,-0.5224935,-221.0282665,-156.0483516,-0.517207051,-221.9188752,-156.5919288,-0.501773026
-208.4725091,-141.2817675,-0.815925173,-213.1497287,-149.7247193,-0.790333666,-214.129406,-150.6067628,-0.694460103,-215.1426863,-151.5141637,-0.643037269,-216.0838733,-152.2712045,-0.608025831,-216.9755162,-152.9243821,-0.574331854,-217.908559,-153.6222065,-0.540309892,-219.1579837,-154.7765483,-0.529393872,-220.0903434,-155.4184757,-0.523911463,-221.1775967,-156.2619418,-0.518646372,-222.0700344,-156.803617,-0.503076069
-208.576782,-141.5178555,-0.81588236,-213.2789957,-149.9544359,-0.78854177,-214.2615195,-150.8347566,-0.693314962,-215.277665,-151.7402378,-0.642606173,-216.2212985,-152.4954478,-0.608265585,-217.1151045,-153.1469194,-0.575056041,-218.0502719,-153.8426045,-0.54145562,-219.3025667,-154.99327,-0.530586896,-220.2376946,-155.6342213,-0.525280165,-221.3275021,-156.4751282,-0.520046319,-222.2217693,-157.0148954,-0.504374814
-208.6816263,-141.7535866,-0.815750229,-213.4088692,-150.1838118,-0.786680372,-214.3942389,-151.062401,-0.692086192,-215.4132481,-151.9659608,-0.642083918,-216.359328,-152.7193334,-0.608408879,-217.2552887,-153.3690838,-0.575687011,-218.1925675,-154.0626084,-0.542526984,-219.4485035,-155.2107287,-0.531728001,-220.3856056,-155.8495341,-0.526596147,-221.4779833,-156.6879091,-0.521404149,-222.3740764,-157.2257618,-0.505662868
-208.7870413,-141.9889594,-0.815533501,-213.5393445,-150.4128373,-0.784752966,-214.5275653,-151.2896986,-0.690777676,-215.5494341,-152.1913292,-0.641473376,-216.4979604,-152.9428595,-0.608456922,-217.396066,-153.5908696,-0.576225731,-218.3354493,-154.2822253,-0.543522398,-219.5950233,-155.4277909,-0.532799281,-220.5340775,-156.0644187,-0.527854711,-221.6290402,-156.9002814,-0.522716776,-222.5269534,-157.4362153,-0.506934513
-208.8930286,-142.223982,-0.815229057,-213.6704174,-150.641504,-0.78276271,-214.6614992,-151.5166511,-0.689392904,-215.6862232,-152.4163424,-0.6407783,-216.637193,-153.1660223,-0.608410714,-217.5374319,-153.8122687,-0.57667307,-218.4789207,-154.5014617,-0.544440731,-219.7421165,-155.6444407,-0.533799117,-220.6831176,-156.2788889,-0.529052051,-221.7806733,-157.1122443,-0.523980428,-222.6803977,-157.6462538,-0.50818502
-208.9995937,-142.458672,-0.814828029,-213.8020859,-150.8698084,-0.780712304,-214.79604,-151.7432584,-0.687935039,-215.8236167,-152.641001,-0.640002849,-216.7770227,-153.3888169,-0.608271558,-217.6793828,-154.0332754,-0.5770296,-218.6229834,-154.7203205,-0.545280755,-219.8897746,-155.8606643,-0.534726064,-220.8327325,-156.4929564,-0.530185783,-221.93288,-157.3237963,-0.52518995,-222.8344101,-157.8558772,-0.509410904
-209.1067413,-142.6930439,-0.814321976,-213.9343514,-151.0977532,-0.778604336,-214.9311861,-151.9695193,-0.686407133,-215.9607917,-152.863912,-0.639179894,-216.9174467,-153.6112382,-0.608041701,-217.8219179,-154.2538897,-0.577295489,-218.767638,-154.9388028,-0.54604105,-220.0379933,-156.0764564,-0.535578396,-220.9829254,-156.7066246,-0.531254484,-222.0856578,-157.5349362,-0.526340284,-222.9889938,-158.0650881,-0.510609422
-209.2144724,-142.9271018,-0.813704431,-214.0668657,-151.3247398,-0.776443754,-215.066936,-152.1954311,-0.684812593,-216.0994217,-153.0878488,-0.63828867,-217.0584604,-153.8332776,-0.607724186,-217.9650391,-154.4741158,-0.577471566,-218.9128851,-155.1569091,-0.546720361,-220.1867732,-156.2918208,-0.536353176,-221.1336976,-156.9198927,-0.532256485,-222.2390038,-157.7456625,-0.527427051,-223.1441516,-158.2738885,-0.511777725
-209.3227888,-143.1608485,-0.812970508,-214.1997364,-151.5509072,-0.774262129,-215.2032889,-152.4209918,-0.683155572,-216.238654,-153.3114278,-0.637326857,-217.2000553,-154.0549211,-0.607321686,-218.108749,-154.6939592,-0.577559194,-219.058724,-155.3746378,-0.547317913,-220.336121,-156.5067704,-0.537048613,-221.2850477,-157.1327556,-0.533189563,-222.3929154,-157.9559719,-0.528447147,-223.2998851,-158.4822799,-0.512912038
-209.4316925,-143.3942862,-0.812116474,-214.3338494,-151.777816,-0.772035701,-215.3393615,-152.6447289,-0.681450764,-216.3784856,-153.5346442,-0.636297106,-217.3422245,-154.276158,-0.606836313,-218.2522534,-154.9121843,-0.577575744,-219.2051529,-155.5919849,-0.547833944,-220.4860425,-156.7213159,-0.537664241,-221.4369737,-157.3452089,-0.534050942,-222.5473933,-158.1658642,-0.529398836,-223.4561921,-158.6902598,-0.514007631
-209.5411851,-143.6274159,-0.811139795,-214.4685725,-152.0043906,-0.769763116,-215.4769523,-152.8695781,-0.679717467,-216.5189141,-153.7574937,-0.635202671,-217.4849673,-154.4969886,-0.606269337,-218.3971686,-155.1312543,-0.577523541,-219.3521664,-155.8089404,-0.54826938,-220.6365412,-156.9354612,-0.538200456,-221.5894732,-157.557251,-0.534836874,-222.7024403,-158.3753412,-0.530281097,-223.6130678,-158.8978224,-0.51505933
-209.6512674,-143.8602395,-0.810038526,-214.6039037,-152.2306281,-0.767445637,-215.6151505,-153.0940802,-0.677935494,-216.6599367,-153.9799708,-0.634047403,-217.6282896,-154.7174239,-0.605623122,-218.542676,-155.3499474,-0.577387593,-219.499754,-156.025487,-0.548624584,-220.7876191,-157.1492063,-0.538657623,-221.7425432,-157.7688801,-0.535544091,-222.8580591,-158.5844051,-0.531092928,-223.7705072,-159.104962,-0.516062277
-209.7619372,-144.0927541,-0.808811215,-214.7398397,-152.4565233,-0.765084801,-215.753955,-153.3182333,-0.676108374,-216.8015488,-154.2020672,-0.632834875,-217.7721993,-154.9374771,-0.604901202,-218.6887751,-155.5682626,-0.577169704,-219.6479068,-156.2416114,-0.548899298,-220.9392749,-157.3625467,-0.539035489,-221.8953737,-157.9789734,-0.536177311,-223.014251,-158.7930574,-0.531832539,-223.9285065,-159.3116737,-0.517012586
-209.8731907,-144.3249536,-0.807456868,-214.8763795,-152.6820732,-0.762682899,-215.893363,-153.5420335,-0.674239184,-216.9437469,-154.423777,-0.631568329,-217.9158645,-155.1558718,-0.604114335,-218.8354644,-155.7861964,-0.576872517,-219.7966227,-156.4573129,-0.54909216,-221.0915074,-157.5754789,-0.539333185,-222.0495966,-158.1897558,-0.536749992,-223.1710137,-159.0012959,-0.532497511,-224.0870646,-159.5179556,-0.517907225
-209.9850241,-144.5568322,-0.805974927,-215.0135238,-152.9072776,-0.760242763,-216.0333715,-153.7654758,-0.672330909,-217.0865289,-154.6450977,-0.630250423,-218.0609865,-155.375167,-0.603283993,-218.982739,-156.0037392,-0.576499313,-219.9459064,-156.6726016,-0.549202899,-221.2443139,-157.7880006,-0.539549011,-222.2043861,-158.4001217,-0.537240741,-223.3283427,-159.2091151,-0.533085174,-224.2461817,-159.7238076,-0.518743782
-210.0974347,-144.788385,-0.804365644,-215.1512743,-153.1321379,-0.757767357,-216.173978,-153.9885557,-0.670387043,-217.2298954,-154.8660314,-0.628883516,-218.2067039,-155.5940927,-0.602386603,-219.1305885,-156.2208743,-0.576052819,-220.0957649,-156.8874904,-0.549232606,-221.3976909,-158.0001096,-0.539681464,-222.3597454,-158.6100736,-0.53765041,-223.4862331,-159.4165093,-0.533593295,-224.4058586,-159.9292305,-0.519520114
-210.2104221,-145.0196112,-0.802629698,-215.2896321,-153.3566555,-0.755259115,-216.3151801,-154.2112682,-0.66841158,-217.3738495,-155.0865846,-0.627470554,-218.353015,-155.8126458,-0.601424416,-219.2790046,-156.4375886,-0.575535473,-220.2462028,-157.1019859,-0.549183436,-221.551636,-158.2118047,-0.539729788,-222.5156781,-158.8196145,-0.53797978,-223.6446817,-159.6234741,-0.534020604,-224.5660953,-160.134224,-0.520234004
-210.3239875,-145.2505128,-0.800767744,-215.4285962,-153.5808291,-0.752719724,-216.4569743,-154.4336069,-0.666408208,-217.5183947,-155.3067633,-0.626014905,-218.4999175,-156.0308214,-0.60040059,-219.4279817,-156.6538762,-0.574948827,-220.3972235,-157.3160903,-0.549057923,-221.7061469,-158.4230836,-0.53969453,-222.6721855,-159.028746,-0.538228672,-223.8036877,-159.8300082,-0.534366711,-224.7268903,-160.3387864,-0.520883117
-210.4381322,-145.4810923,-0.798780124,-215.5681645,-153.8046552,-0.750150224,-216.5993582,-154.6555673,-0.664380112,-217.6635334,-155.5265714,-0.624519908,-218.6474074,-156.2486116,-0.599319083,-219.5775206,-156.8697415,-0.574293811,-220.5480134,-157.5286538,-0.548858579,-221.8612241,-158.6339459,-0.53957747,-222.8292652,-159.2374657,-0.538396139,-223.9632514,-160.0361115,-0.534631749,-224.8874015,-160.5418457,-0.521469222
-210.5528573,-145.7113522,-0.79666643,-215.708334,-154.0281292,-0.747551445,-216.7423305,-154.8771478,-0.662329719,-217.8092677,-155.7460116,-0.622988717,-218.7954788,-156.4660059,-0.598183741,-219.7276289,-157.0851982,-0.573572623,-220.7002307,-157.7419638,-0.548617961,-222.0168709,-158.8443942,-0.539381016,-222.9869126,-159.445768,-0.538480997,-224.1233732,-160.2417845,-0.534815983,-225.0493253,-160.7455238,-0.522008903
-210.6681621,-145.9412925,-0.794425781,-215.8491023,-154.2512463,-0.744924661,-216.8858912,-155.0983503,-0.660259017,-217.9555978,-155.965084,-0.621424186,-218.9441279,-156.6829979,-0.596997885,-219.8783129,-157.3002564,-0.572789298,-220.8530367,-157.9548854,-0.548305417,-222.1730904,-159.0544308,-0.539107552,-223.1451224,-159.6536467,-0.538482471,-224.2840529,-160.4470266,-0.534919603,-225.2118022,-160.9487643,-0.522477648
-210.7840451,-146.1709108,-0.792057055,-215.9904666,-154.4740008,-0.742271543,-217.0300431,-155.3191797,-0.658170306,-218.1025217,-156.1837844,-0.619829541,-219.0933531,-156.8995872,-0.595763613,-220.0295779,-157.5149211,-0.571948668,-221.0064262,-158.1674135,-0.547920405,-222.3298842,-159.2640577,-0.538758451,-223.3038914,-159.8610973,-0.538400726,-224.4452892,-160.6518364,-0.534942739,-225.3748308,-161.1515656,-0.522874038
-210.9005044,-146.4002045,-0.789559169,-216.1324223,-154.6963844,-0.739593376,-217.1747882,-155.5396403,-0.656066128,-218.250033,-156.4021015,-0.618208593,-219.2431551,-157.1157775,-0.594482969,-220.1814258,-157.7291925,-0.571054745,-221.1603918,-158.3795402,-0.547462534,-222.48642,-159.4721635,-0.538337711,-223.4632182,-160.0681179,-0.538236702,-224.6062242,-160.8551179,-0.534893281,-225.5384094,-161.3539261,-0.523197049
-211.0175383,-146.6291706,-0.786931483,-216.2749659,-154.9183912,-0.736890834,-217.3201283,-155.7597344,-0.653948951,-218.3981208,-156.6200172,-0.616564623,-219.3935356,-157.3315738,-0.593158395,-220.3338558,-157.9430663,-0.570110572,-221.3149258,-158.5912564,-0.546932334,-222.6443772,-159.6809479,-0.537869199,-223.6231032,-160.2747084,-0.53799189,-224.7685884,-161.0590426,-0.534784043,-225.7025371,-161.5558439,-0.523446184
-211.1351461,-146.8578081,-0.784173719,-216.4180976,-155.140022,-0.734163774,-217.4660645,-155.9794638,-0.65182101,-218.5458973,-156.8362257,-0.614903885,-219.5444943,-157.5469764,-0.591793186,-220.4868661,-158.15654,-0.569117775,-221.4700249,-158.8025565,-0.546332263,-222.8028972,-159.8893093,-0.537326292,-223.7835474,-160.4808698,-0.53766801,-224.9315044,-161.2625292,-0.534595445,-225.867213,-161.7573179,-0.523621347
-211.2533278,-147.086117,-0.781285934,-216.5618198,-155.3612823,-0.731412443,-217.612597,-156.198828,-0.649684205,-218.6951435,-157.0532914,-0.613256141,-219.6960317,-157.7619835,-0.590391574,-220.6404534,-158.3696107,-0.568077252,-221.62569,-159.0134405,-0.545665747,-222.9619768,-160.0972432,-0.536710397,-223.9445507,-160.6866021,-0.537266727,-225.0949708,-161.4655761,-0.53432839,-226.0324367,-161.9583468,-0.523722669
-211.3720834,-147.3140977,-0.778268372,-216.7051546,-155.5806375,-0.728658822,-217.7597239,-156.4178232,-0.647540735,-218.844955,-157.2699422,-0.611590626,-219.8481479,-157.9765925,-0.588957694,-220.7946141,-158.582276,-0.566990314,-221.7819253,-159.2239118,-0.544936733,-223.1216148,-160.304748,-0.536023587,-224.1061121,-160.891904,-0.536789571,-225.2589858,-161.6681813,-0.533984145,-226.198208,-162.1589302,-0.523750298
-211.491413,-147.541751,-0.775121226,-216.8500954,-155.8011613,-0.725895897,-217.9074213,-156.6364086,-0.64539534,-218.99534,-157.4861928,-0.609908871,-220.0008424,-158.1908001,-0.587495242,-220.949346,-158.7945347,-0.565858954,-221.9387354,-159.4339759,-0.544148823,-223.2818117,-160.5118237,-0.535268409,-224.2682302,-161.0967734,-0.536238056,-225.4235484,-161.8703431,-0.533564498,-226.3645256,-162.3590671,-0.523704077
-211.6113161,-147.7690766,-0.771844804,-216.9956326,-156.0213245,-0.723110409,-218.054846,-156.8532938,-0.643277251,-219.1463045,-157.7020536,-0.60821361,-220.1541155,-158.4046065,-0.586006474,-221.1046472,-159.0063839,-0.564686701,-222.0961208,-159.6436338,-0.543304452,-223.4425684,-160.7184714,-0.534447588,-224.4309031,-161.3012082,-0.53561378,-225.5886581,-162.0720604,-0.53307153,-226.5313872,-162.5587558,-0.523583778
-211.7308942,-147.994376,-0.768442688,-217.1417669,-156.2411282,-0.7203026,-218.2037385,-157.0710896,-0.641163024,-219.2978531,-157.9175294,-0.606508481,-220.3079654,-158.6180113,-0.584492573,-221.2596811,-159.2166535,-0.563497679,-222.2540787,-159.8528824,-0.542405085,-223.6038851,-160.9246911,-0.533563716,-224.5941293,-161.5052065,-0.534918548,-225.7543145,-162.2733321,-0.532507481,-226.6987904,-162.7579942,-0.523389446
-211.8519562,-148.2210439,-0.764926963,-217.288498,-156.460571,-0.71747269,-218.3531984,-157.2884722,-0.639048864,-219.4499873,-158.1326194,-0.604796479,-220.4623901,-158.8310138,-0.582954681,-221.4161515,-159.4276712,-0.562288767,-222.4126047,-160.0617165,-0.541451936,-223.7657607,-161.1304814,-0.532619192,-224.7579071,-161.7087667,-0.534154423,-225.9205175,-162.4741584,-0.531874454,-226.8667317,-162.9567779,-0.523122197
-211.9735886,-148.4473797,-0.761284426,-217.4358241,-156.6796489,-0.714621467,-218.5032271,-157.505447,-0.636933787,-219.6027056,-158.3473185,-0.603079535,-220.6173876,-159.0436135,-0.581394257,-221.5732005,-159.6382866,-0.561051212,-222.5716948,-160.2701309,-0.540446712,-223.9281938,-161.3358403,-0.531616322,-224.9222351,-161.911887,-0.53332378,-226.0872659,-162.6745383,-0.531174199,-227.0352052,-163.1550987,-0.522784697
-212.0957913,-148.6733829,-0.757516745,-217.5837399,-156.8983519,-0.711750332,-218.6538325,-157.7220278,-0.634817808,-219.7560067,-158.5616233,-0.601358519,-220.7722613,-159.2548598,-0.5798141,-221.7308275,-159.8484993,-0.559787407,-222.731347,-160.4781228,-0.539391826,-224.0911827,-161.5407658,-0.530557416,-225.0871122,-162.1145658,-0.532429452,-226.2545578,-162.8744706,-0.530408444,-227.2042006,-163.3529428,-0.522379515
-212.2185644,-148.8990533,-0.753625835,-217.732235,-157.116663,-0.708859999,-218.8050203,-157.9382242,-0.632702131,-219.9098875,-158.775531,-0.59963305,-220.928248,-159.466391,-0.578248868,-221.8890289,-160.0583049,-0.558498822,-222.8915614,-160.6856916,-0.538290233,-224.2547258,-161.7452561,-0.529444883,-225.2525379,-162.3168017,-0.531474527,-226.4223907,-163.073953,-0.529579204,-227.3737085,-163.5502983,-0.521909018
-212.3419084,-149.1243923,-0.749613607,-217.8813008,-157.3345684,-0.705950705,-218.956794,-158.1540398,-0.630588765,-220.064345,-158.9890398,-0.597902706,-221.0849878,-159.6777568,-0.576673113,-222.0477999,-160.2676977,-0.557186662,-223.0523386,-160.8928377,-0.537145145,-224.4188219,-161.9493099,-0.528281313,-225.4185117,-162.5185937,-0.53046222,-226.5907618,-163.2729815,-0.528689572,-227.5437251,-163.7471619,-0.521374717
-212.4658225,-149.3493996,-0.745481625,-218.0309337,-157.5520641,-0.703021666,-219.1091547,-158.3694733,-0.628479245,-220.2193775,-159.2021491,-0.596167482,-221.2423058,-159.8887212,-0.575087736,-222.2071365,-160.4766729,-0.555852443,-223.213679,-161.0995615,-0.535959667,-224.5834697,-162.1529256,-0.527069524,-225.5841803,-162.71887,-0.529421287,-226.759666,-163.4715486,-0.52774389,-227.7142531,-163.9435392,-0.520776589
-212.5903055,-149.5740744,-0.74123147,-218.1811354,-157.7691554,-0.700071098,-219.2621009,-158.5845193,-0.62637415,-220.3749828,-159.4148565,-0.594428284,-221.4002014,-160.0992835,-0.573494625,-222.3670373,-160.685228,-0.554498284,-223.3755821,-161.3058623,-0.534736704,-224.7486682,-162.3561017,-0.525812647,-225.751271,-162.9197596,-0.528332209,-226.9290939,-163.6696418,-0.526746234,-227.8853026,-164.1394443,-0.520115479
-212.7153558,-149.7984154,-0.736864904,-218.3319141,-157.9858567,-0.697098349,-219.4156312,-158.7991744,-0.624273019,-220.5311624,-159.6271624,-0.592686765,-221.5586708,-160.309439,-0.57189477,-222.5275024,-160.893363,-0.553126654,-223.5380467,-161.5117381,-0.53347895,-224.9144169,-162.5588372,-0.524513993,-225.9189067,-163.1202029,-0.527193717,-227.0990374,-163.8672509,-0.525700101,-228.056883,-164.3348895,-0.519393869
-212.8409712,-150.0224192,-0.732384331,-218.4832766,-158.2021792,-0.694104297,-219.5697431,-159.0134364,-0.622174215,-220.6879195,-159.8390695,-0.590944807,-221.7177094,-160.5191825,-0.570288828,-222.6885328,-161.1010783,-0.551740086,-223.7010712,-161.7171869,-0.532188964,-225.0807154,-162.7611307,-0.523176905,-226.0870843,-163.3201973,-0.52600833,-227.2694929,-164.0643732,-0.524607836,-228.2289993,-164.5298792,-0.518615085
-212.9671506,-150.2460831,-0.727793431,-218.6352262,-158.4181257,-0.691090681,-219.7244336,-159.2273034,-0.620075991,-220.8452572,-160.0505798,-0.589203962,-221.8773133,-160.7285092,-0.568677666,-222.8501289,-161.3083744,-0.550340862,-223.8638138,-161.9211362,-0.530880293,-225.2475634,-162.9629818,-0.521804494,-226.2558013,-163.5197391,-0.524779456,-227.4404623,-164.2610134,-0.523470594,-228.4016543,-164.7244149,-0.517781928
-213.0938926,-150.469403,-0.723096201,-218.7877643,-158.633695,-0.688058627,-219.879701,-159.4407747,-0.617976965,-221.003177,-160.261695,-0.587464566,-222.0374813,-160.9374169,-0.56706265,-223.01229,-161.5152501,-0.548930892,-224.0279773,-162.1257105,-0.529564954,-225.4149598,-163.16439,-0.52039935,-226.4250545,-163.718823,-0.523511618,-227.6119546,-164.4571843,-0.522290367,-228.5748496,-164.918496,-0.51689701
-213.221196,-150.6923759,-0.718296566,-218.9408893,-158.8488818,-0.68500849,-220.0355431,-159.6538482,-0.615876696,-221.1616766,-160.4724123,-0.585725969,-222.1982138,-161.1459057,-0.565445419,-223.1750148,-161.7217034,-0.547511777,-224.1926959,-162.329852,-0.528224904,-225.5829027,-163.3653535,-0.518963797,-226.5948382,-163.917441,-0.522209091,-227.783978,-164.652896,-0.52107076,-228.748585,-165.1121216,-0.515962497
-213.3490608,-150.9150012,-0.713398244,-219.0945994,-159.0636821,-0.681939677,-220.1919607,-159.8665232,-0.613775575,-221.320751,-160.6827257,-0.583986893,-222.3595115,-161.3539762,-0.563827613,-223.3383016,-161.9277321,-0.546084898,-224.3579683,-162.533559,-0.526862869,-225.7513899,-163.5658706,-0.517500108,-226.7651486,-164.1155874,-0.520875614,-227.9565383,-164.8481539,-0.519816169,-228.9228574,-165.3052889,-0.514979874
-213.4774871,-151.1372797,-0.708404424,-219.2488927,-159.2780949,-0.678850455,-220.3489572,-160.0788023,-0.611674292,-221.4795172,-160.891446,-0.582263379,-222.521375,-161.5616286,-0.562210552,-223.5021487,-162.1333341,-0.544651495,-224.5237942,-162.7368304,-0.525481764,-225.9202646,-163.7657557,-0.516011403,-226.9359835,-164.3132606,-0.519513714,-228.1296403,-165.0429613,-0.518530759,-229.0967695,-165.4969927,-0.513962324
-213.6064761,-151.3592137,-0.703318329,-219.4027931,-159.4907337,-0.675762735,-220.506535,-160.290687,-0.609573327,-221.6397548,-161.1009187,-0.580554865,-222.6838036,-161.7688617,-0.560595138,-223.6665547,-162.3385076,-0.543212759,-224.6901733,-162.9396654,-0.524084485,-226.0891441,-163.9645168,-0.514529974,-227.1073431,-164.5104635,-0.518124953,-228.3032852,-165.2373175,-0.517218137,-229.2721153,-165.6892121,-0.512914896
-213.7360288,-151.5808056,-0.698143381,-219.5582764,-159.7043564,-0.672664656,-220.6646957,-160.5021787,-0.607472045,-221.8005578,-161.3099745,-0.578843547,-222.8467957,-161.9756735,-0.558981912,-223.8315181,-162.543251,-0.541769845,-224.8571058,-163.1420635,-0.522673737,-226.2592539,-164.1636352,-0.513035439,-227.2792318,-164.7072029,-0.516711429,-228.4774719,-165.4312206,-0.515880753,-229.44798,-165.8809553,-0.511825845
-213.8661459,-151.8020573,-0.692882872,-219.7143355,-159.9175854,-0.669544061,-220.8225445,-160.7120369,-0.605399712,-221.961927,-161.518614,-0.577129428,-223.0103495,-162.1820616,-0.557371178,-223.9970376,-162.7475626,-0.540323954,-225.0245913,-163.3440246,-0.521251674,-226.4298796,-164.3622693,-0.511528266,-227.4516527,-164.9034837,-0.515276218,-228.6513141,-165.6236628,-0.514538982,-229.6243635,-166.0722207,-0.510699396
-213.9968268,-152.0229691,-0.687539891,-219.8709725,-160.1304217,-0.666402291,-220.9818915,-160.9227182,-0.603328357,-222.1238634,-161.7268381,-0.575412535,-223.1744635,-162.3880238,-0.555763082,-224.1631124,-162.9514406,-0.538876437,-225.1926281,-163.5455473,-0.51981996,-226.6010168,-164.5604154,-0.510010677,-227.6246091,-165.0993084,-0.513823262,-228.8265883,-165.8166312,-0.513184998,-229.8012676,-166.2630085,-0.5095399
-214.1280702,-152.2435401,-0.682117608,-220.0281908,-160.342868,-0.663240926,-221.1418094,-161.1329919,-0.601250918,-222.2863673,-161.9346468,-0.573692596,-223.3391362,-162.5935583,-0.554157734,-224.3288726,-163.1538209,-0.537429727,-225.3612137,-163.7466294,-0.518380066,-226.7726685,-164.7580792,-0.508483046,-227.7981046,-165.294679,-0.512356753,-229.0023842,-166.0091275,-0.511811743,-229.9786953,-166.4533213,-0.50835123
-214.2598747,-152.4637688,-0.676619509,-220.1859942,-160.5549272,-0.660061343,-221.3022953,-161.3428536,-0.599165965,-222.4494376,-162.1420384,-0.571969005,-223.5043661,-162.7986637,-0.552555227,-224.4960816,-163.3568121,-0.536016188,-225.5303454,-163.9472678,-0.516933695,-226.9448452,-164.9552751,-0.506946577,-227.9721408,-165.4895954,-0.510880501,-229.1786982,-166.2011469,-0.51042284,-230.1566474,-166.6431607,-0.507135695
-214.3922385,-152.6836526,-0.671049754,-220.3443841,-160.7666009,-0.656863957,-221.4633483,-161.5523019,-0.597072592,-222.6130727,-162.3490109,-0.570240935,-223.6701521,-163.0033381,-0.550955704,-224.6638448,-163.559367,-0.534604268,-225.7000206,-164.1474585,-0.51548347,-227.1175556,-165.1520145,-0.505403978,-228.1467179,-165.6840571,-0.509397229,-229.3555278,-166.3926855,-0.509022836,-230.3351219,-166.8325261,-0.505894742
-214.5251622,-152.9031915,-0.665412909,-220.5033582,-160.9778862,-0.653648352,-221.6249692,-161.761337,-0.59497026,-222.7772711,-162.5555619,-0.568507449,-223.8357559,-163.2066745,-0.54935979,-224.8321603,-163.7614842,-0.533194032,-225.870235,-164.3471946,-0.514032742,-227.2908048,-165.3483021,-0.503858637,-228.321832,-165.8780606,-0.507908666,-229.5328699,-166.5837382,-0.507615859,-230.5141148,-167.0214151,-0.50462959
-214.6586476,-153.1223875,-0.659713871,-220.6629118,-161.1887772,-0.650413731,-221.787159,-161.9699599,-0.592858532,-222.942031,-162.7616894,-0.566767604,-224.0025319,-163.410288,-0.547800987,-225.0010261,-163.9631618,-0.531785328,-226.0409804,-164.5464649,-0.512584263,-227.4645955,-165.544139,-0.502313287,-228.4974765,-166.0715999,-0.506416098,-229.710723,-166.7743031,-0.506204875,-230.6936213,-167.209823,-0.503342021
-214.7926964,-153.3412427,-0.653957771,-220.8230399,-161.3992676,-0.647159479,-221.9499178,-162.1781703,-0.590736786,-223.1073509,-162.9673914,-0.565020531,-224.1700075,-163.6136442,-0.546246696,-225.1704389,-164.1643966,-0.530378057,-226.2122506,-164.7452619,-0.511139389,-227.6389288,-165.7395242,-0.50077014,-228.6736457,-166.2646693,-0.504920924,-229.8890868,-166.9643813,-0.504791021,-230.8736402,-167.3977476,-0.502035033
-214.92731,-153.5597591,-0.64814948,-220.9837391,-161.6093527,-0.643885657,-222.1132446,-162.3859667,-0.588604161,-223.2732294,-163.1726662,-0.563265497,-224.3380371,-163.8165648,-0.544696095,-225.3403964,-164.3651851,-0.528972956,-226.3840452,-164.9435871,-0.509697706,-227.8138048,-165.934457,-0.499230784,-228.8503349,-166.4572637,-0.503425764,-230.0679643,-167.1539776,-0.503375276,-231.0541738,-167.5851892,-0.500712343
-215.0624873,-153.7779352,-0.642293744,-221.1450086,-161.8190306,-0.640592939,-222.2771379,-162.5933467,-0.586459679,-223.4396653,-163.3775119,-0.561502046,-224.506619,-164.0190487,-0.543148376,-225.510896,-164.5655221,-0.527571517,-226.5563699,-165.1414492,-0.508259218,-227.9892199,-166.1289341,-0.497696035,-229.0275415,-166.6493785,-0.501934177,-230.2473578,-167.3430963,-0.501958997,-231.2352247,-167.7721495,-0.499377754
-215.198226,-153.9957677,-0.636395239,-221.306849,-162.0283013,-0.63728242,-222.4415961,-162.8003081,-0.584302349,-223.6066579,-163.581927,-0.559729909,-224.6757511,-164.221094,-0.541602578,-225.6819328,-164.7654006,-0.526174831,-226.7292313,-165.3388578,-0.506824863,-228.1651678,-166.3229493,-0.496166342,-229.2052625,-166.8410091,-0.500449502,-230.4272674,-167.5317375,-0.50054413,-231.4167953,-167.9586303,-0.498034181
-215.3345234,-154.2132528,-0.630458691,-221.469261,-162.2371656,-0.633955352,-222.6066174,-163.0068489,-0.582131263,-223.7742068,-163.7859102,-0.557948876,-224.8454307,-164.4226981,-0.540057846,-225.8535034,-164.9648158,-0.524783186,-226.9026326,-165.5358163,-0.505396455,-228.3416425,-166.5164975,-0.494642253,-229.3826282,-167.0311939,-0.49899353,-230.6076945,-167.7199012,-0.499133135,-231.5988831,-168.1446303,-0.496683525
-215.4713775,-154.4303867,-0.624489432,-221.6322449,-162.4456233,-0.630612887,-222.7722004,-163.2129671,-0.579945667,-223.9423116,-163.9894607,-0.556158598,-225.0156552,-164.623857,-0.538514249,-226.0256058,-165.1637664,-0.523395598,-227.0765757,-165.7323253,-0.503975926,-228.51864,-166.7095737,-0.493125205,-229.5613959,-167.2218365,-0.497558021,-230.788641,-167.9075878,-0.497728573,-231.7814831,-168.3301451,-0.495327116
-215.6087864,-154.6471654,-0.618493772,-221.7958,-162.6536728,-0.627256019,-222.9383437,-163.4186609,-0.577745012,-224.1109717,-164.1925781,-0.554358206,-225.1864194,-164.824563,-0.536972966,-226.19824,-165.3622546,-0.522010388,-227.2502054,-165.9274193,-0.50256662,-228.6961599,-166.9021762,-0.491617352,-229.7406755,-167.4119944,-0.49613252,-230.9701085,-168.0947975,-0.496332716,-231.9645893,-168.5151699,-0.493966349
-215.7467469,-154.8635831,-0.61247815,-221.9599246,-162.8613119,-0.62388568,-223.105046,-163.6239285,-0.57552911,-224.2801855,-164.3952611,-0.55254663,-225.3577137,-165.0248032,-0.535434656,-226.3714091,-165.5602861,-0.520626407,-227.4252606,-166.1230118,-0.501198612,-228.8742041,-167.0943056,-0.490120971,-229.9204689,-167.6016716,-0.494717167,-231.1520974,-168.2815305,-0.494946824,-232.1481977,-168.6996998,-0.492603442
-215.8852564,-155.0796353,-0.606448391,-222.1236549,-163.0673136,-0.620511666,-223.2723068,-163.8287684,-0.573298053,-224.4490664,-164.5964328,-0.550736584,-225.5295302,-165.2245676,-0.533899168,-226.5451153,-165.757864,-0.519243578,-227.6008602,-166.3181534,-0.499841341,-229.0527749,-167.2859629,-0.48863784,-230.1007773,-167.7908695,-0.493312882,-231.334604,-168.4677841,-0.493571437,-232.3323077,-168.8837338,-0.491241127
-216.0243143,-155.2953217,-0.600409344,-222.2889455,-163.2741119,-0.617154472,-223.4401258,-164.0331795,-0.571052099,-224.6194066,-164.7982212,-0.54893559,-225.701865,-165.4238532,-0.532365197,-226.7193614,-165.9549898,-0.517862645,-227.7769995,-166.5128403,-0.498494157,-229.2318737,-167.4771505,-0.487168061,-230.2816036,-167.9795899,-0.491921483,-231.5176223,-168.6535533,-0.4922067,-232.5169213,-169.0672727,-0.489882408
-216.1639215,-155.5106449,-0.594364755,-222.4548012,-163.4804935,-0.613786971,-223.6075978,-164.2360481,-0.568802201,-224.7902907,-164.9995624,-0.547122526,-225.8747206,-165.6226651,-0.530830183,-226.8941506,-166.1516653,-0.516484522,-227.9536721,-166.7070663,-0.49715622,-229.4114984,-167.6678677,-0.485710727,-230.4629505,-168.1678339,-0.490544817,-231.7011466,-168.8388328,-0.490852905,-232.7020407,-169.250318,-0.488530169
-216.3040807,-155.7256103,-0.588318087,-222.6212205,-163.6864565,-0.610410539,-223.7765621,-164.439584,-0.566563581,-224.9617132,-165.2004485,-0.545298041,-226.0481063,-165.8210161,-0.529292489,-227.0694846,-166.3478903,-0.515109791,-228.1308714,-166.9008246,-0.495827122,-229.5916448,-167.8581116,-0.484264409,-230.64482,-168.355602,-0.489184352,-231.8851741,-169.0236195,-0.489511075,-232.8876659,-169.4328693,-0.487186751
-216.4447943,-155.9402227,-0.582273174,-222.7882024,-163.8919989,-0.60702691,-223.9460824,-164.6426886,-0.564309689,-225.13367,-165.4008731,-0.543462582,-226.22203,-166.0189159,-0.527752101,-227.2453635,-166.5436645,-0.513737834,-228.3085923,-167.0941086,-0.494507805,-229.7714696,-168.0469629,-0.482851789,-230.8272122,-168.542894,-0.487840485,-232.0697062,-169.2079136,-0.48818278,-233.073794,-169.6149237,-0.485853848
-216.5860314,-156.1544354,-0.576234081,-222.9557463,-164.0971195,-0.603638097,-224.1161561,-164.8453596,-0.562040133,-225.3061599,-165.600835,-0.541615798,-226.3964971,-166.2163695,-0.526209659,-227.4217837,-166.7389848,-0.512367111,-228.4868299,-167.2869115,-0.493199325,-229.9526675,-168.2362288,-0.481456759,-231.0101229,-168.7297064,-0.486512658,-232.254745,-169.3917164,-0.486869704,-233.2604217,-169.7964776,-0.484532726
-216.7271108,-156.3671977,-0.570217701,-223.1238518,-164.3018169,-0.60024621,-224.2867794,-165.0475923,-0.559755166,-225.4791835,-165.8003369,-0.539756204,-226.5715116,-166.4133791,-0.524665533,-227.5987388,-166.933845,-0.510995735,-228.6655813,-167.4792288,-0.491902405,-230.1343771,-168.425009,-0.480072935,-231.1935458,-168.9160341,-0.485199929,-232.4402919,-169.5750286,-0.4855731,-233.4471482,-169.9771426,-0.483225079
-216.8695086,-156.5807588,-0.564218035,-223.292519,-164.5060906,-0.596853252,-224.4579462,-165.2493782,-0.557456554,-225.6527446,-165.999385,-0.537882835,-226.7470741,-166.6099435,-0.523119524,-227.7753672,-167.127261,-0.50965006,-228.8448464,-167.6710604,-0.490616831,-230.3165989,-168.6133022,-0.478701142,-231.3774748,-169.1018715,-0.483901533,-232.6263458,-169.7578487,-0.484293563,-233.6342784,-170.1571865,-0.481954839
-217.0124603,-156.7939653,-0.558235822,-223.4617473,-164.70994,-0.593460804,-224.6296466,-165.450704,-0.555145989,-225.8268462,-166.1979843,-0.535995436,-226.923183,-166.80606,-0.521570407,-227.9533995,-167.3211652,-0.508307795,-229.0246267,-167.8624094,-0.489341052,-230.4993337,-168.801109,-0.477341442,-231.5619061,-169.2872144,-0.482617504,-232.812009,-169.9392892,-0.483038269,-233.8224099,-170.3372151,-0.480699846
-217.1559613,-157.0068086,-0.552277901,-223.631535,-164.9133637,-0.590070207,-224.8018719,-165.651558,-0.552824969,-226.0014886,-166.3961347,-0.534094615,-227.0989576,-167.0007351,-0.520028946,-228.1319535,-167.5145934,-0.506963892,-229.2049257,-168.0532813,-0.488073593,-230.6825806,-168.9884294,-0.4759928,-231.74684,-169.4720623,-0.481348334,-232.9990841,-170.1210965,-0.481820705,-234.0110321,-170.5167376,-0.479458826
-217.300002,-157.2192732,-0.546352285,-223.8018801,-165.1163598,-0.586682796,-224.9746194,-165.8519373,-0.550494292,-226.1766736,-166.5938362,-0.532181378,-227.2761698,-167.1959234,-0.518502611,-228.3110265,-167.7075412,-0.505618972,-229.385746,-168.2436801,-0.486813354,-230.8663386,-169.1752636,-0.474654025,-231.9322791,-169.6564168,-0.480094727,-233.1866548,-170.3024008,-0.480618838,-234.200144,-170.6957529,-0.47823298
-217.4445746,-157.431346,-0.540466126,-223.9727797,-165.3189247,-0.583300488,-225.1478923,-166.0518476,-0.548153138,-226.3524028,-166.7910886,-0.53025685,-227.4539095,-167.3906458,-0.516967861,-228.4906172,-167.9000067,-0.504272825,-229.5670872,-168.4336051,-0.485559917,-231.0506056,-169.3616103,-0.473324047,-232.1182258,-169.8402797,-0.478857203,-233.3747188,-170.4832008,-0.479431641,-234.3897454,-170.8742597,-0.477023637
-217.5896772,-157.6430242,-0.534625477,-224.1442291,-165.5210513,-0.579926311,-225.3217003,-166.251302,-0.545801429,-226.5286778,-166.9878922,-0.528321882,-227.6321733,-167.5848977,-0.515424763,-228.6707256,-168.091991,-0.502923701,-229.7489502,-168.6230556,-0.484313182,-231.2353798,-169.5474674,-0.47200237,-232.3046801,-170.0236504,-0.477635702,-233.5632748,-170.6634962,-0.478258233,-234.5798365,-171.0522574,-0.475831972
-217.7353133,-157.8543151,-0.52883219,-224.316222,-165.7227306,-0.576563338,-225.4960519,-166.4503119,-0.543440229,-226.7054985,-167.1842471,-0.526376418,-227.8109588,-167.778675,-0.513874494,-228.8513536,-168.2834978,-0.501569834,-229.9313361,-168.812031,-0.483073205,-231.420661,-169.7328339,-0.470688901,-232.4916387,-170.2065255,-0.476429466,-233.7523213,-170.843286,-0.477097995,-234.770417,-171.2297448,-0.474659062
-217.8814913,-158.0652335,-0.523084827,-224.488753,-165.9239544,-0.573214456,-225.6709503,-166.6488807,-0.541071259,-226.8828612,-167.3801501,-0.524420049,-227.9902626,-167.9719728,-0.512317966,-229.0325029,-168.4745305,-0.500209863,-230.1142461,-169.0005312,-0.481839846,-231.6064501,-169.9177098,-0.469383697,-232.6790976,-170.388901,-0.475237341,-233.9418575,-171.0225691,-0.475950904,-234.9614822,-171.406717,-0.473505985
-218.0282178,-158.2757908,-0.517382752,-224.6618204,-166.1247207,-0.569881649,-225.8463974,-166.8470085,-0.538696195,-227.06076,-167.5755959,-0.522452182,-228.1700829,-168.1647881,-0.510755318,-229.214173,-168.6650889,-0.498843083,-230.2976801,-169.1885564,-0.480611986,-231.7927479,-170.1020948,-0.468086782,-232.8670537,-170.5707742,-0.474057807,-234.1318843,-171.2013454,-0.474816964,-235.1530225,-171.5831649,-0.472373178
-218.1754935,-158.4859888,-0.511726795,-224.8354266,-166.3250337,-0.566565602,-226.022394,-167.0446942,-0.536316667,-227.239189,-167.7705778,-0.520472903,-228.3504178,-168.3571202,-0.509185363,-229.3963647,-168.8551722,-0.49746953,-230.4816347,-169.3761041,-0.479388119,-231.9795534,-170.2859876,-0.466797867,-233.0555048,-170.7521439,-0.472889183,-234.3224036,-171.3796156,-0.473696251,-235.3450294,-171.7590806,-0.471260584
-218.3233176,-158.6958238,-0.506119169,-225.0086615,-166.5238279,-0.563282887,-226.1989403,-167.2419359,-0.53393425,-227.4181424,-167.9650887,-0.518483723,-228.5312678,-168.5489712,-0.507606231,-229.5790796,-169.0447805,-0.496089554,-230.6661045,-169.5631696,-0.478166475,-232.1668628,-170.4693843,-0.465516209,-233.2444493,-170.9330094,-0.47172993,-234.5134167,-171.5573801,-0.472588854,-235.5374989,-171.9344611,-0.470167589
-218.4716873,-158.9052895,-0.50056226,-225.1833902,-166.7232396,-0.560041936,-226.3760354,-167.438733,-0.531549694,-227.5967431,-168.1581443,-0.516509813,-228.7126359,-168.7403459,-0.506016587,-229.7623189,-169.2339133,-0.494703436,-230.8502265,-169.7488784,-0.476949191,-232.3546727,-170.6522813,-0.464240872,-233.4330209,-171.1125176,-0.470600068,-234.7049205,-171.7346356,-0.471494712,-235.7304328,-172.1093096,-0.469092542
-218.6206006,-159.1143804,-0.495058438,-225.3586662,-166.9222111,-0.55682279,-226.5527836,-167.6340912,-0.529166939,-227.7767615,-168.351677,-0.514542742,-228.8945241,-168.9312469,-0.504416141,-229.946083,-169.4225711,-0.49331063,-231.0357357,-169.9349472,-0.475761441,-232.5429803,-170.8346762,-0.462970684,-233.6229679,-171.2923542,-0.469486336,-234.8969078,-171.9113749,-0.470413128,-235.9238386,-172.2836344,-0.468034293
-218.7700571,-159.3230954,-0.489609445,-225.5344914,-167.1207422,-0.553628358,-226.730992,-167.829968,-0.52681718,-227.9572981,-168.5447288,-0.51257016,-229.076935,-169.1216757,-0.502805461,-230.1303685,-169.6107511,-0.491909975,-231.2217533,-170.1205256,-0.474574131,-232.731784,-171.0165682,-0.461704261,-233.8134047,-171.4716826,-0.468379853,-235.0893711,-172.0875911,-0.46934299,-236.1177227,-172.4574422,-0.466992588
-218.9200556,-159.5314344,-0.484215961,-225.7108672,-167.3188324,-0.550461456,-226.9097321,-168.0253834,-0.524467368,-228.1383535,-168.7373021,-0.510591699,-229.2598716,-169.3116334,-0.501185446,-230.31517,-169.7984487,-0.490500065,-231.4082817,-170.305615,-0.473387539,-232.9210823,-171.1979569,-0.460440251,-234.004331,-171.6505016,-0.467280298,-235.2823066,-172.2632812,-0.468282732,-236.3120869,-172.630734,-0.465967853
-219.0705951,-159.739398,-0.478878556,-225.8877955,-167.516482,-0.547324624,-227.0889988,-168.2203304,-0.522120082,-228.3199307,-168.9294018,-0.508607279,-229.4433351,-169.5011198,-0.499556866,-230.500482,-169.9856593,-0.489079787,-231.5953219,-170.490216,-0.472201627,-233.1108741,-171.378842,-0.459177397,-234.1957461,-171.8288098,-0.466187234,-235.4757133,-172.438446,-0.467230408,-236.5069308,-172.8035074,-0.464960474
-219.2216744,-159.9469865,-0.473597941,-226.0652756,-167.7136906,-0.544219419,-227.2687867,-168.4148016,-0.519777995,-228.502031,-169.1210302,-0.506617303,-229.6273255,-169.6901344,-0.497919622,-230.6863008,-170.1723786,-0.487649073,-231.7828726,-170.6743265,-0.471015855,-233.3011579,-171.5592219,-0.457915026,-234.3876488,-172.0066057,-0.465099989,-235.669594,-172.6130892,-0.466184492,-236.7022507,-172.9757575,-0.463970314
-219.3732919,-160.1541978,-0.468375449,-226.2433038,-167.9104544,-0.54114684,-227.4490923,-168.6087919,-0.517443529,-228.6846546,-169.312187,-0.504623032,-229.8118389,-169.878674,-0.496272985,-230.8726263,-170.3586054,-0.486208418,-231.9709297,-170.8579427,-0.46982923,-233.4910788,-171.7382892,-0.456653315,-234.5800372,-172.1838869,-0.464017801,-235.8639507,-172.7872136,-0.465144141,-236.8980434,-173.1474802,-0.462996556
-219.5254486,-160.3610317,-0.463212643,-226.421874,-168.1067677,-0.538107636,-227.6299152,-168.8023008,-0.515118281,-228.8678022,-169.5028713,-0.502626157,-229.9968692,-170.0667333,-0.494616049,-231.0592583,-170.5441384,-0.484759934,-232.1594893,-171.0410605,-0.468640495,-233.6823699,-171.9176389,-0.455422792,-234.7729097,-172.3606518,-0.462939832,-236.0587832,-172.960818,-0.464109612,-237.0943062,-173.3186739,-0.462037526
-219.6781472,-160.5674904,-0.45811113,-226.6009798,-168.3026239,-0.535102962,-227.8112572,-168.9953316,-0.512802508,-229.0514752,-169.6930827,-0.500628519,-230.1824105,-170.2543072,-0.492948208,-231.245951,-170.728695,-0.483334257,-232.3485485,-171.2236775,-0.467448186,-233.8741567,-172.096484,-0.454192411,-234.9662653,-172.5368999,-0.46186481,-236.2540877,-173.1338974,-0.463081718,-237.2910371,-173.4893377,-0.461091541
-219.8313903,-160.7735756,-0.453072561,-226.780616,-168.498016,-0.532135128,-227.9931229,-169.1878908,-0.51049668,-229.2356749,-169.8828214,-0.498631746,-230.3675795,-170.4405055,-0.49127129,-231.433832,-170.9134309,-0.481903383,-232.5381047,-171.4057924,-0.466250911,-234.0664389,-172.2748236,-0.452961985,-235.1601023,-172.7126307,-0.460790879,-236.4498555,-173.3064422,-0.462060629,-237.4882348,-173.6594717,-0.460157188
-219.9851786,-160.9792878,-0.448097897,-226.9607783,-168.6929377,-0.529206728,-228.1755154,-169.379983,-0.508201731,-229.4203998,-170.0720862,-0.496636666,-230.5541597,-170.6270785,-0.489619351,-231.622221,-171.0976733,-0.480464814,-232.7281566,-171.5874046,-0.465047562,-234.2592107,-172.4526519,-0.451731445,-235.3544188,-172.8878439,-0.459716145,-236.6460786,-173.4784449,-0.461045428,-237.6858982,-173.8290752,-0.459233492
-220.1395096,-161.1846238,-0.443187698,-227.1414639,-168.8873847,-0.526320176,-228.358435,-169.5716082,-0.505919274,-229.6056448,-170.2608728,-0.494643485,-230.7412493,-170.813162,-0.48795996,-231.8111143,-171.2814184,-0.479018242,-232.9187026,-171.7685129,-0.463837502,-234.4524614,-172.6299585,-0.450500143,-235.5492123,-173.0625384,-0.458639064,-236.8427561,-173.6499053,-0.460033745,-237.8840271,-173.998148,-0.458319745
-220.2943782,-161.3895775,-0.438342242,-227.3226729,-169.0813566,-0.523476927,-228.5418826,-169.7627654,-0.503651296,-229.7914046,-170.4491768,-0.492652376,-230.9288511,-170.998758,-0.48629477,-232.0005089,-171.4646636,-0.477563169,-233.1097429,-171.9491172,-0.462620713,-234.6461816,-172.8067354,-0.449266831,-235.7444799,-173.2367107,-0.457559359,-237.0398929,-173.820829,-0.459023827,-238.0826224,-174.1666901,-0.457415247
-220.4497799,-161.5941433,-0.433561611,-227.5044072,-169.2748569,-0.520677127,-228.7258591,-169.953454,-0.501399942,-229.9776751,-170.6369944,-0.490664146,-231.1169644,-171.1838653,-0.484624956,-232.1904023,-171.6474073,-0.476099031,-233.3012797,-172.1292183,-0.461397671,-234.8403681,-172.9829809,-0.448029485,-235.9402171,-173.4103554,-0.456478008,-237.2366003,-173.9904416,-0.458022132,-238.2807891,-174.3339156,-0.45654261
-220.6057119,-161.7983174,-0.428846225,-227.6866701,-169.4678904,-0.517920843,-228.9103654,-170.1436734,-0.499167237,-230.1644555,-170.8243238,-0.488680448,-231.3055855,-171.3684801,-0.482951108,-232.3807928,-171.8296488,-0.474625537,-233.4933148,-172.3088169,-0.460168963,-235.0350247,-173.1587,-0.446786818,-236.136416,-173.5834637,-0.455395736,-237.4346904,-174.1602912,-0.457042228,-238.4803338,-174.5013776,-0.455681734
-220.7621739,-162.0020994,-0.424196681,-227.868576,-169.6595242,-0.51520957,-229.0954014,-170.3334235,-0.496954318,-230.3517477,-171.0111663,-0.48670345,-231.49471,-171.5525977,-0.481273544,-232.5716788,-172.011387,-0.473142789,-233.685848,-172.4879121,-0.458935022,-235.2301571,-173.3338988,-0.445538582,-236.3330702,-173.7560291,-0.454312383,-237.6332508,-174.3296148,-0.456062289,-238.6803424,-174.6683054,-0.454827579
-220.9191673,-162.2054901,-0.419613632,-228.0519288,-169.8516094,-0.512580975,-229.2809636,-170.5227017,-0.494761912,-230.539554,-171.1975228,-0.484735434,-231.6843345,-171.7362154,-0.479592429,-232.7630588,-172.1926205,-0.471651584,-233.8788756,-172.6664998,-0.457696133,-235.4257675,-173.5085795,-0.444285401,-236.5301799,-173.9280523,-0.453226259,-237.8322817,-174.4984118,-0.455081365,-238.8808123,-174.8346962,-0.453979088
-221.0766929,-162.4084906,-0.415097712,-228.2358114,-170.0432282,-0.509998851,-229.4670465,-170.7115031,-0.492590489,-230.7270107,-171.3825281,-0.482787026,-231.8744571,-171.9193319,-0.477907816,-232.9549326,-172.3733479,-0.470153143,-234.0723893,-172.8445719,-0.45645213,-235.6218572,-173.6827412,-0.443028341,-236.7277505,-174.0995393,-0.452135965,-238.0317816,-174.6666806,-0.454098455,-239.0817415,-175.0005484,-0.45313498
-221.2347507,-162.6111003,-0.410649301,-228.4202251,-170.2343803,-0.507464803,-229.6527825,-170.8989391,-0.490450417,-230.9158727,-171.5678905,-0.480879294,-232.0650769,-172.1019472,-0.476220036,-233.1473001,-172.5535682,-0.468648743,-234.2663815,-173.0221213,-0.455202736,-235.8184245,-173.8563809,-0.441768078,-236.9257883,-174.2704967,-0.451040912,-238.2317481,-174.8344185,-0.45311275,-239.2831274,-175.1658601,-0.452293457
-221.3933395,-162.8133175,-0.406268628,-228.605172,-170.4250662,-0.504980262,-229.8399214,-171.0867524,-0.488362144,-231.1052441,-171.7527609,-0.478984743,-232.2561934,-172.2840615,-0.474529763,-233.3401604,-172.7332797,-0.467139725,-234.4608483,-173.1991449,-0.45394728,-236.0154671,-174.029495,-0.440504807,-237.1242966,-174.4409277,-0.44994075,-238.4321784,-175.0016227,-0.452123731,-239.4849665,-175.3306298,-0.451452602
-221.5524572,-163.0151393,-0.401955842,-228.7906517,-170.6152855,-0.502545655,-230.0275742,-171.2740805,-0.48629921,-231.2951209,-171.9371353,-0.477104052,-232.4478054,-172.4656736,-0.472838255,-233.5335091,-172.9124778,-0.465627569,-234.6549441,-173.3748518,-0.452705017,-236.2129828,-174.2020817,-0.439237865,-237.323276,-174.6108328,-0.448835049,-238.6330699,-175.1682904,-0.451131038,-239.6872559,-175.4948558,-0.45061068
-221.7121018,-163.2165629,-0.397711063,-228.9766604,-170.8050351,-0.500160825,-230.2157428,-171.4609244,-0.484263811,-231.4855001,-172.1210114,-0.47523759,-232.6399136,-172.6467833,-0.471147124,-233.7273372,-173.0911539,-0.464113306,-234.8503856,-173.5508108,-0.451468718,-236.410969,-174.3741396,-0.437966291,-237.5218459,-174.7794594,-0.447726382,-238.8344208,-175.3344201,-0.450134169,-239.8899928,-175.658536,-0.449766605
-221.8722717,-163.4175866,-0.393534377,-229.1631923,-170.9943102,-0.497825316,-230.4044284,-171.6472844,-0.482257853,-231.6763794,-172.3043877,-0.473385733,-232.8325196,-172.8273908,-0.469458183,-233.9216363,-173.2692999,-0.46259777,-235.0463051,-173.7262509,-0.450225492,-236.6094237,-174.545668,-0.436689421,-237.7217845,-174.9482894,-0.44663821,-239.0362288,-175.5000106,-0.449132174,-240.0931775,-175.8216695,-0.448920091
-222.0329657,-163.6182087,-0.389425973,-229.3502418,-171.1831052,-0.49553883,-230.5936289,-171.8331581,-0.48028272,-231.8677576,-172.4872639,-0.471549059,-233.0256245,-173.0074965,-0.467773276,-234.1164024,-173.4469127,-0.461081414,-235.2427036,-173.9011718,-0.44897703,-236.8083454,-174.7166664,-0.435407043,-237.9221895,-175.1165879,-0.445543098,-239.2384912,-175.6650605,-0.448123915,-240.296812,-175.9842572,-0.448071263
-222.1938712,-163.8180411,-0.385386092,-229.5378063,-171.371417,-0.493301743,-230.7833394,-172.0185405,-0.478339237,-232.059633,-172.6696388,-0.469728523,-233.2192279,-173.1870991,-0.46609407,-234.3116376,-173.6239957,-0.459563866,-235.4395778,-174.0755687,-0.447725384,-237.0077336,-174.8871342,-0.434119508,-238.1230583,-175.2843519,-0.444441085,-239.4412052,-175.8295683,-0.447108365,-240.5008986,-176.1462996,-0.447220226
-222.3553341,-164.0174918,-0.381430992,-229.7258872,-171.5592457,-0.49111499,-230.9735552,-172.2034266,-0.476427851,-232.2520051,-172.8515112,-0.46792568,-233.4133255,-173.3661943,-0.464422221,-234.5073492,-173.8005569,-0.458045345,-235.6369191,-174.2494325,-0.446471883,-237.2075894,-175.0570719,-0.432827451,-238.3243882,-175.4515787,-0.443332409,-239.6443679,-175.9935318,-0.44608517,-240.705438,-176.3077971,-0.446366454
-222.5176115,-164.2168982,-0.377547019,-229.9144861,-171.7465921,-0.488979662,-231.164273,-172.3878139,-0.474548699,-232.4448737,-173.03288,-0.466142274,-233.6079089,-173.5447737,-0.462758948,-234.7026887,-173.9758154,-0.456542327,-235.8347204,-174.4227561,-0.445216884,-237.4079131,-175.2264794,-0.431531544,-238.5261776,-175.6182668,-0.442217275,-239.8479791,-176.1569497,-0.445054695,-240.9104272,-176.4687478,-0.445508902
-222.6804091,-164.4158971,-0.37373293,-230.1036042,-171.9334564,-0.486896545,-231.3554913,-172.5717014,-0.472701781,-232.6382385,-173.2137438,-0.464379957,-233.8021068,-173.7220383,-0.461107869,-234.899391,-174.1513263,-0.455060267,-236.0329792,-174.5955384,-0.443959461,-237.6078676,-175.3946287,-0.43025047,-238.7284251,-175.7844155,-0.441095395,-240.0520395,-176.3198215,-0.44401761,-241.1158608,-176.6291478,-0.444646256
-222.8437263,-164.614487,-0.369989281,-230.2932399,-172.1198366,-0.484865916,-231.5472098,-172.7550899,-0.470887321,-232.8320987,-173.3941011,-0.46264016,-233.997671,-173.8995515,-0.459499029,-235.0965772,-174.3263208,-0.453582039,-236.2317005,-174.7677848,-0.44269939,-237.8091453,-175.5629514,-0.4289808,-238.9311283,-175.9500238,-0.439966317,-240.25655,-176.4821471,-0.442974504,-241.3217337,-176.7889934,-0.443777287
-223.0075625,-164.8126672,-0.366316436,-230.4833892,-172.3057283,-0.482887529,-231.7394285,-172.9379798,-0.469105892,-233.0264527,-173.5739499,-0.460924094,-234.1937123,-174.0765438,-0.457899593,-235.2942441,-174.5007943,-0.452109206,-236.4308905,-174.9395017,-0.441437459,-238.0108859,-175.730738,-0.427709118,-239.1342846,-176.1150903,-0.438829594,-240.4615109,-176.6439264,-0.441925335,-241.5280425,-176.9482822,-0.442901162
-223.1719161,-165.0104361,-0.362714316,-230.6740479,-172.4911273,-0.480960848,-231.9321465,-173.1203697,-0.467358581,-233.2212983,-173.7532878,-0.45923285,-234.3902328,-174.2530182,-0.456310483,-235.4923889,-174.674743,-0.450642948,-236.6305526,-175.1106924,-0.440174822,-238.2130875,-175.8979865,-0.426435875,-239.3378905,-176.2796126,-0.437685192,-240.6669195,-176.8051579,-0.440869685,-241.7347865,-177.1070139,-0.442017542
-223.336785,-165.2077919,-0.359182704,-230.8643515,-172.6751923,-0.479088925,-232.1253645,-173.3022593,-0.465646518,-233.4166333,-173.9321123,-0.45756739,-234.5872329,-174.4289749,-0.454733609,-235.6910083,-174.8481643,-0.44918356,-236.8306885,-175.2813578,-0.438912401,-238.4157481,-176.0646954,-0.425161081,-239.5419455,-176.4435894,-0.436533814,-240.872772,-176.9658387,-0.43980701,-241.9419658,-177.2651885,-0.441126409
-223.502167,-165.4047326,-0.35572138,-231.056051,-172.8595768,-0.47730308,-232.3190836,-173.4836486,-0.463970869,-233.6124566,-174.1104231,-0.455928032,-234.7847096,-174.6044096,-0.453171935,-235.8900997,-175.0210568,-0.447731154,-237.0312983,-175.4514976,-0.437650817,-238.618865,-176.2308637,-0.423884519,-239.7464511,-176.6070207,-0.435376631,-241.0790642,-177.1259662,-0.438736893,-242.1495797,-177.4228051,-0.440228271
-223.6680592,-165.6012548,-0.352330844,-231.2482536,-173.0434641,-0.475566051,-232.5133045,-173.6645373,-0.462332808,-233.8087666,-174.2882197,-0.454314626,-234.9826548,-174.7793134,-0.451627737,-236.0896619,-175.1934206,-0.446286165,-237.2323807,-175.62111,-0.436390608,-238.8224355,-176.3964898,-0.422606036,-239.9514088,-176.7699067,-0.434214874,-241.2857937,-177.2855385,-0.437659281,-242.3576229,-177.5798588,-0.439324393
-223.8344561,-165.7973505,-0.349015071,-231.4409572,-173.2268529,-0.473877147,-232.7080236,-173.8449214,-0.460733376,-234.0047177,-174.4647314,-0.452734751,-235.1810605,-174.953678,-0.450102578,-236.2896938,-175.3652552,-0.444849405,-237.4339332,-175.7901924,-0.435132447,-239.026456,-176.5615715,-0.421325847,-240.1568194,-176.9322477,-0.433049242,-241.4929598,-177.4445553,-0.436574508,-242.5660851,-177.736341,-0.438415612
-224.0013473,-165.9930063,-0.345780646,-231.6341608,-173.4097416,-0.472236357,-232.9024018,-174.0239839,-0.459205088,-234.2020209,-174.6414744,-0.451210577,-235.3799227,-175.1275,-0.448597076,-236.4901956,-175.5365607,-0.443422048,-237.635953,-175.958742,-0.433877228,-239.2309249,-176.7261067,-0.420045012,-240.3626802,-177.0940419,-0.431879906,-241.7005626,-177.6030165,-0.43548316,-242.7749565,-177.8922437,-0.437502392
-224.1687246,-166.1882113,-0.34263285,-231.8278634,-173.5921283,-0.470643916,-233.0981212,-174.2033119,-0.457723124,-234.3998036,-174.8176978,-0.449713721,-235.5792425,-175.3007816,-0.447110868,-236.6911685,-175.7073375,-0.442005378,-237.8384373,-176.1267557,-0.432625964,-239.4358423,-176.8900945,-0.418764945,-240.5689862,-177.2552857,-0.430706742,-241.9077121,-177.7602259,-0.43440262,-242.9833204,-178.0468824,-0.436588365
-224.3365853,-166.3829629,-0.33957387,-232.0220641,-173.7740111,-0.46909997,-233.2943194,-174.382117,-0.456279934,-234.5980618,-174.9933962,-0.448246505,-235.7790271,-175.4735301,-0.44564429,-236.8926127,-175.8775854,-0.440600584,-238.041384,-176.2942317,-0.431379477,-239.6412103,-177.0535355,-0.417487236,-240.7757323,-177.4159755,-0.429529674,-242.1162007,-177.9175511,-0.433330856,-243.1930212,-178.2016064,-0.435691866
-224.5049339,-166.5772678,-0.336600103,-232.2167618,-173.9553882,-0.467604509,-233.4909958,-174.5604001,-0.454874531,-234.7967874,-175.1685609,-0.446810732,-235.9792832,-175.6457521,-0.444198546,-237.0945275,-176.0473033,-0.439208724,-238.2447911,-176.4611688,-0.430138054,-239.8470307,-177.2164306,-0.416213204,-240.9829148,-177.5761086,-0.428349012,-242.3251176,-178.074312,-0.432256363,-243.4031366,-178.3557587,-0.434788362
-224.6737803,-166.7711396,-0.333704565,-232.411955,-174.1362575,-0.466157311,-233.6881536,-174.7381652,-0.453506339,-234.9959747,-175.343186,-0.445407126,-236.1800137,-175.8174499,-0.442774977,-237.2969111,-176.2164889,-0.437830749,-238.4478122,-176.6268625,-0.428913276,-240.0533023,-177.3787789,-0.414943568,-241.1905325,-177.7356843,-0.4271654,-242.5344593,-178.2305055,-0.431180108,-243.6136728,-178.5093446,-0.433878292
-224.8431324,-166.9645888,-0.330882508,-232.6076421,-174.3166172,-0.464758069,-233.8857949,-174.9154152,-0.452175291,-235.1956227,-175.5172716,-0.444034749,-236.3812192,-175.9886235,-0.441374373,-237.499761,-176.3851397,-0.436467498,-238.652153,-176.7926955,-0.427715902,-240.2600209,-177.5405777,-0.413678575,-241.3985855,-177.8947027,-0.425979781,-242.744223,-178.38613,-0.430102209,-243.8246336,-178.6623659,-0.432963196
-225.0129919,-167.1576174,-0.328131437,-232.8038216,-174.4964654,-0.463406428,-234.0839196,-175.0921494,-0.450882209,-235.3957369,-175.6908235,-0.442693022,-236.5828987,-176.1592717,-0.439997196,-237.7030747,-176.5532533,-0.435119673,-238.856945,-176.9579839,-0.426524294,-240.4671818,-177.7018236,-0.412418345,-241.6070737,-178.0531635,-0.424793586,-242.9544073,-178.5411858,-0.429022256,-244.0360188,-178.8148209,-0.432044395
-225.1833589,-167.3502241,-0.325449672,-233.0004926,-174.6758015,-0.462101539,-234.2825237,-175.2683624,-0.449628608,-235.5963237,-175.8638482,-0.441382173,-236.7850504,-176.3293922,-0.438643942,-237.9068508,-176.7208287,-0.433787427,-239.0621884,-177.1227267,-0.425339853,-240.6747813,-177.8625139,-0.411163232,-241.8159916,-178.2110618,-0.423609158,-243.1650129,-178.6956748,-0.42794018,-244.2478258,-178.9667059,-0.431122699
-225.3542334,-167.5424071,-0.322836015,-233.1976536,-174.8546252,-0.460841968,-234.481598,-175.4440444,-0.44841531,-235.797386,-176.0363484,-0.440102651,-236.9876716,-176.4989821,-0.437315293,-238.1110869,-176.8878648,-0.432470697,-239.2678844,-177.2869241,-0.42416416,-240.8828175,-178.0226474,-0.409913884,-242.0244683,-178.367711,-0.422453321,-243.3760388,-178.8495968,-0.426856726,-244.4600517,-179.1180185,-0.430198263
-225.5256151,-167.7341643,-0.320289885,-233.3953024,-175.0329357,-0.45962613,-234.6811341,-175.6191871,-0.447242337,-235.9989246,-176.2083246,-0.438854658,-237.1907591,-176.6680385,-0.436012025,-238.3149314,-177.0536628,-0.431175049,-239.474035,-177.4505763,-0.422998682,-241.0912906,-178.1822242,-0.408671225,-242.2342324,-178.5244368,-0.421308546,-243.5874807,-179.002948,-0.425774209,-244.6726925,-179.2687566,-0.429270422
-225.6975032,-167.9254946,-0.317810631,-233.5934371,-175.2107323,-0.458452545,-234.8811279,-175.7937871,-0.446108755,-236.2009388,-176.3797756,-0.437638085,-237.3934664,-176.8358437,-0.434747374,-238.5201014,-177.219592,-0.429924728,-239.6806401,-177.6136834,-0.421844189,-241.3002007,-178.3412443,-0.407436404,-242.4444004,-178.6805795,-0.420169573,-243.7993303,-179.1557208,-0.424694906,-244.8857452,-179.4189194,-0.428338766
-225.8698942,-168.1163947,-0.315397776,-233.7920542,-175.3880115,-0.457320989,-235.0815808,-175.967847,-0.445012871,-236.4034267,-176.5506993,-0.43645272,-237.5975049,-177.0038033,-0.433533158,-238.7257241,-177.3849765,-0.428691012,-239.8876969,-177.7762433,-0.420700913,-241.5095466,-178.4997063,-0.406211113,-242.6549745,-178.8361421,-0.419035702,-244.0115791,-179.3079076,-0.423620601,-245.0992077,-179.5685063,-0.427403381
-226.0427825,-168.3068596,-0.313051021,-233.990305,-175.5639903,-0.456253306,-235.2825007,-176.1413746,-0.443953723,-236.6063858,-176.7210929,-0.435298461,-237.8020038,-177.1712248,-0.432345104,-238.9318012,-177.5498164,-0.42747536,-240.0952006,-177.9382527,-0.41956885,-241.718497,-178.6569656,-0.40501167,-242.8659638,-178.991133,-0.417906867,-244.2242234,-179.4595058,-0.422552307,-245.3130781,-179.7175163,-0.426465091
-226.2161633,-168.4968847,-0.310770177,-234.1898942,-175.7401851,-0.455249671,-235.4838945,-176.3143766,-0.442931278,-236.8098134,-176.8909536,-0.434175393,-238.0069605,-177.3381068,-0.431182798,-239.1383344,-177.7141122,-0.426279267,-240.3031466,-178.0997082,-0.418448005,-241.9287136,-178.8142702,-0.403843989,-243.077376,-179.1455588,-0.416784067,-244.4372653,-179.6105179,-0.421489608,-245.5273572,-179.8659492,-0.425525166
-226.3900331,-168.686466,-0.308556119,-234.3899463,-175.9158403,-0.454290043,-235.6857662,-176.486856,-0.441945577,-237.0137067,-177.0602785,-0.433083667,-238.2123715,-177.504447,-0.430045896,-239.3453244,-177.8778637,-0.425103714,-240.5115321,-178.2606081,-0.417338648,-242.1393423,-178.9709967,-0.402690301,-243.2892146,-179.2994213,-0.415669082,-244.6507125,-179.7609507,-0.420432459,-245.7420465,-180.0138055,-0.42458497
-226.5643891,-168.875599,-0.306411573,-234.5904575,-176.0909532,-0.453373285,-235.888117,-176.6588133,-0.440996201,-237.2180637,-177.2290657,-0.432023267,-238.4182347,-177.6702433,-0.428934767,-239.5527685,-178.041069,-0.423948906,-240.720357,-178.420952,-0.416241426,-242.3503807,-179.1271448,-0.40154964,-243.5014793,-179.4527189,-0.414563703,-244.8645721,-179.9108101,-0.419381608,-245.9571477,-180.1610856,-0.423645674
-226.7392264,-169.0642772,-0.304340151,-234.7914296,-176.2655266,-0.4524974,-236.090113,-176.8295122,-0.44010613,-237.4220501,-177.3966103,-0.431009064,-238.6245498,-177.8354944,-0.427850127,-239.7606615,-178.2037243,-0.422814624,-240.9296213,-178.5807402,-0.41515721,-242.5618346,-179.28272,-0.400421591,-243.7141666,-179.6054473,-0.413469207,-245.0788467,-180.0600982,-0.418338163,-246.1726605,-180.3077895,-0.422707885
-226.9145412,-169.2524956,-0.302344273,-234.9928698,-176.4395678,-0.451661057,-236.2934399,-177.0003909,-0.439266248,-237.6273547,-177.5642946,-0.430047313,-238.8313176,-178.0001996,-0.426792709,-239.9689981,-178.3658261,-0.421700554,-241.1393247,-178.7399719,-0.414087181,-242.7737104,-179.4377283,-0.399306751,-243.9272732,-179.7576034,-0.412386301,-245.2935371,-180.2088147,-0.417303005,-246.3885824,-180.4539156,-0.421771872
-227.0903318,-169.4402532,-0.300423992,-235.1947843,-176.6130825,-0.450863766,-236.4972367,-177.170738,-0.438460175,-237.8331162,-177.7314378,-0.429114235,-239.0385388,-178.164359,-0.425762936,-240.1777747,-178.5273716,-0.42060662,-241.3494645,-178.8986443,-0.413032826,-242.9860107,-179.5921716,-0.398206652,-244.1407956,-179.9091851,-0.411314887,-245.5086429,-180.3569587,-0.416276874,-246.6049093,-180.5994614,-0.420837736
-227.2665993,-169.6275527,-0.298576637,-235.3971766,-176.7860737,-0.450105177,-236.7014999,-177.3405498,-0.437687309,-238.0393312,-177.8980373,-0.428209118,-239.2462123,-178.3279717,-0.424760555,-240.38699,-178.68836,-0.419533026,-241.5600363,-179.0567531,-0.411995363,-243.1987324,-179.746046,-0.397123645,-244.3547309,-180.0601918,-0.4102548,-245.7241631,-180.5045288,-0.415260439,-246.8216364,-180.7444237,-0.419905992
-227.4433477,-169.8144002,-0.296798356,-235.6000477,-176.9585416,-0.449384647,-236.9062274,-177.5098244,-0.436947073,-238.2459994,-178.0640919,-0.427331961,-239.4543344,-178.4910351,-0.423784835,-240.5966442,-178.8487914,-0.418480194,-241.7710356,-179.2142942,-0.410975695,-243.4118653,-179.8993428,-0.396059267,-244.5690774,-180.2106231,-0.409206199,-245.9400956,-180.6515236,-0.414254077,-247.038758,-180.8887976,-0.418978014
-227.6205802,-170.0007999,-0.295086534,-235.8033959,-177.1304843,-0.448701219,-237.1114178,-177.6785607,-0.436238474,-238.4531222,-178.2296015,-0.426483053,-239.6629013,-178.6535467,-0.422834933,-240.8067375,-179.008666,-0.417448754,-241.9824602,-179.3712661,-0.409973834,-243.6253992,-180.0520536,-0.395014316,-244.7838333,-180.3604784,-0.40816982,-246.1564373,-180.7979411,-0.413258183,-247.256267,-181.0325779,-0.418055219
-227.798297,-170.1867514,-0.293440134,-236.0072178,-177.3018982,-0.448053915,-237.317069,-177.8467581,-0.435560207,-238.660701,-178.3945664,-0.425662674,-239.8719096,-178.8155042,-0.421910173,-241.017269,-179.1679821,-0.416439751,-242.1943091,-179.5276694,-0.408989184,-243.8393285,-180.2041749,-0.393988726,-244.998999,-180.5097573,-0.40714682,-246.3731841,-180.943779,-0.412273158,-247.4741576,-181.1757599,-0.417138869
-227.9764984,-170.3722537,-0.291858199,-236.2115095,-177.4727796,-0.447441993,-237.5231784,-178.0144151,-0.434910847,-238.8687365,-178.5589866,-0.42487054,-240.081358,-178.9769065,-0.421010113,-241.2282326,-179.3267344,-0.415454689,-242.4057498,-179.6828772,-0.408035324,-244.0536544,-180.3557087,-0.392981478,-245.2145766,-180.6584606,-0.406138514,-246.5894462,-181.0884379,-0.411303059,-247.692428,-181.3183429,-0.416229342
-228.1548389,-170.5569473,-0.290339979,-236.4162676,-177.6431251,-0.44686494,-237.7297431,-178.1815298,-0.434289159,-239.0772256,-178.7228599,-0.424105746,-240.2912462,-179.1377536,-0.420134536,-241.439617,-179.4849133,-0.414494486,-242.6184681,-179.8381233,-0.407118379,-244.268385,-180.5066623,-0.391992281,-245.4305674,-180.8065886,-0.405146086,-246.8070093,-181.2330875,-0.410371848,-247.9110794,-181.4603291,-0.415326176
-228.3338672,-170.7413776,-0.288902075,-236.6214896,-177.812932,-0.446322376,-237.9367618,-178.3481005,-0.433694534,-239.286163,-178.8861827,-0.423367042,-240.5015742,-179.2980452,-0.419283358,-241.6514123,-179.6425116,-0.413558962,-242.8316088,-179.9928009,-0.406219552,-244.4835282,-180.6570418,-0.391021897,-245.6469716,-180.9541412,-0.404170087,-247.0249701,-181.3771505,-0.409454937,-248.1292194,-181.6011235,-0.414446502
-228.5135388,-170.925519,-0.287527813,-236.8271743,-177.9821996,-0.445813514,-238.1442359,-178.5141271,-0.433126886,-239.4955437,-179.0489512,-0.422653148,-240.7123408,-179.45778,-0.418456879,-241.8636173,-179.7995294,-0.412646408,-243.0451676,-180.1469052,-0.405340918,-244.6990889,-180.8068503,-0.390071328,-245.8637865,-181.1011169,-0.403210595,-247.243329,-181.5206264,-0.408553545,-248.3486585,-181.7419068,-0.413583844
-228.6936886,-171.1092033,-0.286215001,-237.0324579,-178.1502175,-0.445340781,-238.3521665,-178.6796096,-0.432586231,-239.7053638,-179.2111628,-0.421963096,-240.9235429,-179.6169548,-0.417655661,-242.0753974,-179.9553465,-0.411762044,-243.2591352,-180.3004281,-0.404483945,-244.9150699,-180.956089,-0.389141296,-246.0810082,-181.2475131,-0.402267417,-247.4620857,-181.6635154,-0.407667931,-248.5684846,-181.8820989,-0.412729045
-228.8743109,-171.2924259,-0.284962584,-237.2390873,-178.3183755,-0.444937147,-238.5605541,-178.8445475,-0.43207212,-239.9156222,-179.3728165,-0.421296218,-241.1343448,-179.7749018,-0.416912345,-242.2884642,-180.1111982,-0.410928701,-243.4735043,-180.4533638,-0.40364899,-245.1314703,-181.1047564,-0.388232055,-246.2986323,-181.3933271,-0.401340441,-247.6812376,-181.8058169,-0.4067975,-248.7886969,-182.0216978,-0.411883676
-229.0554018,-171.4751833,-0.283769932,-237.4461712,-178.4859896,-0.444563662,-238.7693961,-179.0089391,-0.431583453,-240.1263189,-179.5339125,-0.420652109,-241.3464257,-179.9329169,-0.416199071,-242.5019579,-180.2664848,-0.410117833,-243.6882734,-180.6057124,-0.402834729,-245.3482874,-181.2528503,-0.387343324,-246.5158036,-181.5379642,-0.400450643,-247.9007807,-181.9475296,-0.405941419,-249.0092928,-182.1607007,-0.411049018
-229.2369615,-171.6574753,-0.282637052,-237.6537074,-178.6530577,-0.444220004,-238.9786871,-179.1727805,-0.431118727,-240.3374536,-179.6944504,-0.420030804,-241.5589302,-180.0903622,-0.4155099,-242.7158793,-180.4212052,-0.409330604,-243.903448,-180.757479,-0.402040294,-245.5655168,-181.4003678,-0.386474534,-246.7342368,-181.6825802,-0.399589948,-248.1207096,-182.0886509,-0.405099109,-249.2302703,-182.2991055,-0.410225849
-229.4189924,-171.8393034,-0.281564216,-237.861696,-178.8195786,-0.443906087,-239.1884222,-179.3360681,-0.430676414,-240.5490208,-179.8544251,-0.419433178,-241.7718569,-180.2472382,-0.414843297,-242.9302257,-180.5753561,-0.408567541,-244.1190351,-180.9086696,-0.401265745,-245.7831533,-181.5473057,-0.385625165,-246.9530568,-181.8266012,-0.398748627,-248.341021,-182.2291779,-0.404271143,-249.4516267,-182.4369112,-0.409414161
-229.6014968,-172.0206692,-0.28055184,-238.0701385,-178.9855525,-0.443621987,-239.3977553,-179.4981164,-0.430279769,-240.7610092,-180.0138274,-0.418859625,-241.9852062,-180.4035464,-0.414198071,-243.1449941,-180.7289339,-0.407828639,-244.3350378,-181.0592866,-0.400511552,-246.0003779,-181.6930985,-0.384808159,-247.1722587,-181.970024,-0.397926805,-248.5617136,-182.3691088,-0.403458789,-249.67336,-182.574117,-0.408614006
-229.7844751,-172.2015724,-0.279600084,-238.2790366,-179.15098,-0.443367604,-239.6083929,-179.6602613,-0.429919156,-240.972578,-180.1719865,-0.41834333,-242.1989773,-180.5592864,-0.41357396,-243.3601813,-180.8819367,-0.407112952,-244.5514575,-181.2093305,-0.399778081,-246.2188354,-181.8388456,-0.384029959,-247.3918406,-182.1128486,-0.397123278,-248.7827872,-182.5084421,-0.40266338,-249.8954689,-182.7107228,-0.407825674
-229.9679243,-172.3820096,-0.278708953,-238.4883888,-179.3158601,-0.443142222,-239.8194693,-179.8218487,-0.429578526,-241.1854055,-180.3301952,-0.417855903,-242.4131664,-180.7144544,-0.41297218,-243.5757839,-181.0343631,-0.406419151,-244.7682945,-181.3588006,-0.399065419,-246.4376917,-181.9840061,-0.383272098,-247.6118061,-182.2550789,-0.396337153,-249.0042425,-182.6471775,-0.401885771,-250.1179517,-182.8467276,-0.407049795
-230.1518385,-172.5619753,-0.277878148,-238.6981901,-179.4801893,-0.442944637,-240.0309843,-179.9828785,-0.429257629,-241.3986412,-180.4878226,-0.417389717,-242.6277648,-180.8690427,-0.412393609,-243.7917999,-181.1862129,-0.405746201,-244.9855474,-181.5076953,-0.398373434,-246.6569459,-182.1285788,-0.3825353,-247.8321584,-182.3967178,-0.395568189,-249.2260785,-182.7853149,-0.401125972,-250.340808,-182.9821308,-0.406287203
-230.3362126,-172.7414641,-0.27710701,-238.9084356,-179.6439641,-0.442773528,-240.2429373,-180.1433494,-0.428956624,-241.6122943,-180.6448771,-0.41694335,-242.8427642,-181.0230439,-0.411838514,-244.0082275,-181.3374856,-0.405093533,-245.2032142,-181.6560132,-0.397701639,-246.8765981,-182.2725631,-0.381819795,-248.0528987,-182.5377662,-0.394816897,-249.4482932,-182.9228535,-0.400383637,-250.5640374,-183.1169318,-0.405538697
-230.5210436,-172.9204738,-0.276394702,-239.1191212,-179.8071815,-0.442627832,-240.4553247,-180.3032578,-0.428675922,-241.8263727,-180.8013653,-0.416516385,-243.0581605,-181.1764554,-0.411306271,-244.2250667,-181.4881806,-0.404461146,-245.4212916,-181.8037521,-0.397049451,-247.0966468,-182.415959,-0.38112464,-248.2740287,-182.6782237,-0.394084133,-249.670884,-183.0597925,-0.399658404,-250.7876396,-183.2511302,-0.404804901
-230.7063306,-173.0990041,-0.275740058,-239.3302451,-179.9698404,-0.442506842,-240.6681402,-180.4625981,-0.428415528,-242.0408792,-180.957289,-0.416109043,-243.2739557,-181.3292796,-0.410794994,-244.4423191,-181.6382986,-0.403849358,-245.6397755,-181.9509097,-0.396416317,-247.3170892,-182.5587659,-0.380448469,-248.4955499,-182.81809,-0.393370723,-249.8938482,-183.1961301,-0.398950241,-251.0116134,-183.3847253,-0.404086087
-230.892074,-173.2770564,-0.27514184,-239.5418073,-180.1319407,-0.442410181,-240.8813786,-180.6213661,-0.428174764,-242.2558132,-181.1126462,-0.415721661,-243.4901571,-181.4815232,-0.41030332,-244.6599858,-181.7878396,-0.40325841,-245.8586627,-182.0974836,-0.395801954,-247.5379211,-182.7009822,-0.379789858,-248.7174637,-182.9573649,-0.392677196,-250.1171846,-183.3318655,-0.398259399,-251.2359567,-183.5177158,-0.403382301
-231.0782739,-173.4546316,-0.274598868,-239.7538079,-180.2934825,-0.442337681,-241.0950376,-180.7795611,-0.427952067,-242.4711711,-181.2674328,-0.415354126,-243.7067718,-181.6331919,-0.409830732,-244.8780668,-181.9368032,-0.402688038,-246.0779503,-182.2434714,-0.395206678,-247.7591376,-182.8426051,-0.379148019,-248.9397691,-183.0960478,-0.392003308,-250.3408931,-183.466998,-0.397586289,-251.4606666,-183.6501003,-0.402693478
-231.2649294,-173.631729,-0.274110174,-239.9662454,-180.4544642,-0.442289681,-241.3091184,-180.9371853,-0.427746053,-242.686949,-181.4216448,-0.41500593,-243.9238023,-181.7842875,-0.40937711,-245.0965598,-182.085188,-0.402137433,-246.297637,-182.3888712,-0.394630967,-247.9807362,-182.983632,-0.37852331,-249.1624614,-183.2341363,-0.391348474,-250.5649736,-183.6015275,-0.396931307,-251.6857404,-183.7818772,-0.402019554
-231.4520406,-173.8083479,-0.273674781,-240.1791137,-180.6148802,-0.442267127,-241.5236228,-181.0942414,-0.427555832,-242.9031437,-181.5752805,-0.414675859,-244.1412492,-181.9348096,-0.408942008,-245.3154609,-182.2329916,-0.401605514,-246.516888,-182.5331068,-0.394097222,-248.2027153,-183.1240607,-0.377916429,-249.3855334,-183.3716264,-0.390711888,-250.7894255,-183.7354536,-0.39629451,-251.911176,-183.9130455,-0.401360534
-231.6396086,-173.9844887,-0.273291811,-240.3915317,-180.774025,-0.442305999,-241.7385503,-181.2507289,-0.427381482,-243.1197523,-181.7283388,-0.414362523,-244.359112,-182.0847572,-0.408524821,-245.5347663,-182.3802116,-0.401091216,-246.7373898,-182.6773018,-0.393595851,-248.425074,-183.2638895,-0.377327994,-249.6089781,-183.5085142,-0.390092922,-251.0142467,-183.8687751,-0.395675731,-252.1369727,-184.0436045,-0.40071654
-231.827634,-174.1601512,-0.272960628,-240.6052508,-180.9332509,-0.442376723,-241.9538959,-181.4066431,-0.427224201,-243.336773,-181.8808196,-0.414064834,-244.5773894,-182.2341289,-0.408124909,-245.7544724,-182.5268453,-0.400594197,-246.9582875,-182.820907,-0.393112722,-248.6478123,-183.4031181,-0.376757918,-249.8327921,-183.6447973,-0.389491433,-251.2394341,-184.0014903,-0.39507464,-252.3631298,-184.1735538,-0.400087765
-232.016116,-174.335334,-0.272680652,-240.8193731,-181.0918904,-0.442471867,-242.1696503,-181.5619759,-0.427084812,-243.5542043,-182.0327226,-0.4137822,-244.7952328,-182.3823241,-0.407760622,-245.9737282,-182.6723128,-0.40012686,-247.1795774,-182.9639213,-0.392646202,-248.8709292,-183.5417465,-0.376205464,-250.0569754,-183.7804755,-0.388907688,-251.4641209,-184.1330919,-0.394490854,-252.5896459,-184.3028923,-0.399474546
-232.2050499,-174.5100324,-0.272452042,-241.033901,-181.2499468,-0.442589444,-242.3858044,-181.7167193,-0.426963698,-243.7720464,-182.1840474,-0.41351458,-245.0143504,-182.5305103,-0.407429506,-246.1942374,-182.817732,-0.399701851,-247.4012547,-183.1063426,-0.392194788,-249.0944233,-183.6797746,-0.375669823,-250.2815292,-183.9155492,-0.388342107,-251.6900264,-184.264557,-0.393952452,-252.8165194,-184.4316186,-0.398877305
-232.3944268,-174.6842381,-0.272275077,-241.2488441,-181.4074285,-0.442728306,-242.6023539,-181.8708707,-0.426860261,-243.990301,-182.3347945,-0.413262204,-245.2338716,-182.6781135,-0.407112943,-246.4151302,-182.9625514,-0.399294583,-247.6233159,-183.2481683,-0.391758046,-249.3182932,-183.8172017,-0.375150334,-250.5064542,-184.0500186,-0.387794776,-251.9163124,-184.3954227,-0.393432309,-253.0437478,-184.5597308,-0.39829637
-232.5842394,-174.8579442,-0.272149433,-241.4642097,-181.5643413,-0.442888764,-242.8184406,-182.0237867,-0.426803279,-244.2089693,-182.4849641,-0.413025279,-245.4537931,-182.8251314,-0.406810548,-246.6364028,-183.1067695,-0.398903715,-247.8457601,-183.3893968,-0.391336414,-249.5425368,-183.9540268,-0.374646746,-250.7317496,-184.1838835,-0.387265343,-252.1429574,-184.5256779,-0.392929001,-253.2704278,-184.6867115,-0.397741527
-232.7744839,-175.0311481,-0.272074463,-241.6800018,-181.7206869,-0.443071888,-243.0358156,-182.176737,-0.426770704,-244.427196,-182.6339552,-0.412817435,-245.6741135,-182.9715624,-0.406522545,-246.8580557,-183.2503881,-0.398527469,-248.0685873,-183.5300266,-0.39093049,-249.7671529,-184.0902485,-0.374158931,-250.9574128,-184.3171424,-0.386753145,-252.36996,-184.6553215,-0.392442659,-253.4983741,-184.8135701,-0.397221592
-232.965161,-175.203852,-0.272048825,-241.8962192,-181.8764629,-0.443278124,-243.2536024,-182.3291103,-0.42675291,-244.6467102,-182.7829383,-0.412648815,-245.8948321,-183.1174049,-0.406249244,-247.0800924,-183.3934107,-0.398164555,-248.2917982,-183.6700575,-0.39054059,-249.9921408,-184.2258662,-0.373686837,-251.1825915,-184.4492686,-0.386280589,-252.5973159,-184.7843508,-0.391973745,-253.7266687,-184.9398114,-0.396717121
-233.1562747,-175.3760606,-0.272070222,-242.1128576,-182.0316648,-0.443507247,-243.4718043,-182.4809089,-0.426750238,-244.8666313,-182.9313395,-0.412493399,-246.1159486,-183.2626582,-0.405990716,-247.3025156,-183.5358395,-0.397814556,-248.5153926,-183.8094894,-0.390166193,-250.2175,-184.3608793,-0.373230342,-251.4089968,-184.5812866,-0.385831946,-252.8250175,-184.9127608,-0.391522343,-253.9553083,-185.065434,-0.396227512
-233.3478278,-175.5477776,-0.272136345,-242.3299133,-182.1862897,-0.443758179,-243.690422,-182.6321324,-0.426762572,-245.0869545,-183.0791555,-0.412350188,-246.3374628,-183.4073225,-0.405746168,-247.5253284,-183.6776755,-0.397477829,-248.7393682,-183.9483214,-0.389806348,-250.4424142,-184.4947794,-0.372808495,-251.635762,-184.7126941,-0.385398543,-253.053058,-185.0405477,-0.391088143,-254.1842894,-185.1904366,-0.39575232
-233.5398201,-175.7190021,-0.272246052,-242.5473824,-182.3403358,-0.444029321,-243.909455,-182.7827797,-0.426789525,-245.3076762,-183.2263837,-0.412218951,-246.559372,-183.5513971,-0.405514058,-247.7485338,-183.8189193,-0.397154882,-248.9637217,-184.0865522,-0.389460029,-250.6685271,-184.6285551,-0.372414718,-251.8628858,-184.8434904,-0.384980011,-253.2814334,-185.1677095,-0.390670428,-254.4136108,-185.314818,-0.395291539
-233.7322466,-175.8897283,-0.272399985,-242.7652623,-182.4938024,-0.444319392,-244.1289019,-182.9328494,-0.42683059,-245.5287917,-183.3730199,-0.41210027,-246.7816718,-183.6948806,-0.405292627,-247.9721329,-183.9595702,-0.396846008,-249.1884497,-184.22418,-0.389126468,-250.8950045,-184.7617227,-0.372035018,-252.0903668,-184.9736745,-0.384576213,-253.5101441,-185.2942471,-0.390268102,-254.643273,-185.4385782,-0.394845391
-233.9250976,-176.0599462,-0.272599879,-242.9835516,-182.6466897,-0.444627561,-244.3487593,-183.0823393,-0.426885081,-245.7502935,-183.5190586,-0.411994545,-247.0043576,-183.8377706,-0.40508048,-248.196125,-184.0996275,-0.396550743,-249.4135501,-184.3612032,-0.388805305,-251.1218439,-184.8942808,-0.371668904,-252.3182027,-185.1032446,-0.384187341,-253.7391944,-185.4201636,-0.389880489,-254.8732763,-185.5617169,-0.394414142
-234.1183648,-176.2296476,-0.272846991,-243.2022489,-182.7989964,-0.444953769,-244.5690232,-183.231247,-0.426952297,-245.9721766,-183.664496,-0.411901512,-247.2274254,-183.9800641,-0.404877391,-248.4205052,-184.2390884,-0.396268043,-249.6390224,-184.4976211,-0.388496464,-251.3490438,-185.0262284,-0.371315994,-252.546389,-185.2321978,-0.383813428,-253.9685879,-185.5454614,-0.389507396,-255.1036205,-185.6842338,-0.393997814
-234.3120446,-176.3988299,-0.273141182,-243.4213544,-182.9507224,-0.445298155,-244.7896896,-183.37957,-0.427031684,-246.1944397,-183.8093325,-0.411819821,-247.4508739,-184.121759,-0.404683865,-248.6452661,-184.3779491,-0.395996647,-249.8648662,-184.6334332,-0.388199959,-251.5766031,-185.1575648,-0.370975981,-252.7749218,-185.3605314,-0.383454295,-254.1983268,-185.6701413,-0.389148735,-255.3343035,-185.8061279,-0.39359613
-234.5061397,-176.5674968,-0.273479822,-243.6399627,-183.101212,-0.445686981,-245.0107553,-183.5273059,-0.427123191,-246.4170858,-183.9535713,-0.411748216,-247.6747026,-184.2628538,-0.404500595,-248.870401,-184.5162058,-0.395735487,-250.0910811,-184.7686392,-0.387915552,-251.8045206,-185.2882894,-0.370648649,-253.0037985,-185.4882442,-0.383109435,-254.4284117,-185.7942033,-0.388804293,-255.5653217,-185.9273972,-0.393208609
-234.7001464,-176.7352029,-0.273866624,-243.8599105,-183.2517453,-0.446109844,-245.2322186,-183.6744528,-0.427227258,-246.6401186,-184.0972161,-0.411685937,-247.8989116,-184.403348,-0.404327867,-249.0959054,-184.6538557,-0.395484178,-250.3176653,-184.9032381,-0.38764275,-252.0327949,-185.4184009,-0.370333933,-253.2330179,-185.6153359,-0.382777977,-254.6588413,-185.9176462,-0.388473652,-255.7966714,-186.0480398,-0.392834765
-234.8951046,-176.9028492,-0.274298154,-244.0802685,-183.401698,-0.4465505,-245.4540788,-183.8210096,-0.427344427,-246.8635389,-184.2402676,-0.411632813,-248.1235004,-184.5432415,-0.40416514,-249.3217783,-184.7908981,-0.395242783,-250.5437622,-185.0367226,-0.387382663,-252.2614245,-185.5478979,-0.370031839,-253.4625799,-185.7418073,-0.382459163,-254.8896131,-186.0404684,-0.388156173,-256.0283494,-186.168054,-0.39247438
-235.0904956,-177.0699971,-0.274762053,-244.3010331,-183.5510679,-0.447007868,-245.6763354,-183.9669749,-0.42747505,-247.0873474,-184.3827255,-0.411589181,-248.3484669,-184.6825337,-0.404011606,-249.5480208,-184.9273331,-0.395011592,-250.7710938,-185.1700758,-0.387166045,-252.4904073,-185.6767789,-0.369742315,-253.6924843,-185.8676587,-0.382152438,-255.1207233,-186.162668,-0.387851162,-256.260353,-186.2874379,-0.392127553
-235.2863199,-177.2366468,-0.275255551,-244.5222001,-183.6998526,-0.447480759,-245.898988,-184.1123493,-0.427618449,-247.3115457,-184.5245894,-0.411555641,-248.5729406,-184.820677,-0.403877197,-249.7746339,-185.0631613,-0.394790794,-250.9987867,-185.3028176,-0.386959262,-252.7197416,-185.8050428,-0.369465056,-253.9227302,-185.9928895,-0.381857538,-255.3521679,-186.2842428,-0.387557979,-256.4926789,-186.4061896,-0.391794348
-235.4825756,-177.4027964,-0.275776118,-244.743765,-183.8480488,-0.447968442,-246.1220343,-184.2571321,-0.4277733,-247.5361346,-184.6658585,-0.411532816,-248.7986734,-184.9587342,-0.403777231,-250.0007631,-185.1978481,-0.394602067,-251.2268392,-185.4349471,-0.386761923,-252.9494249,-185.9326886,-0.369199378,-254.1533169,-186.117499,-0.381574247,-255.5839435,-186.4051911,-0.387276126,-256.7253245,-186.5243078,-0.391474461
-235.6792594,-177.5684428,-0.276321579,-244.9657223,-183.9956523,-0.448471114,-246.3445862,-184.4007075,-0.427975421,-247.7611136,-184.8065322,-0.411520617,-249.0247773,-185.0961866,-0.403685188,-250.2281326,-185.3324327,-0.394437285,-251.4552502,-185.5664634,-0.386573738,-253.1794541,-186.0597149,-0.368944396,-254.3842442,-186.2414867,-0.381302391,-255.8160475,-186.5255114,-0.387005421,-256.9582887,-186.6417923,-0.391167086
-235.8763681,-177.7335828,-0.27689033,-245.1880645,-184.1426572,-0.448988895,-246.5684261,-184.5442705,-0.428188884,-247.9857725,-184.9461697,-0.411518417,-249.2512523,-185.2330338,-0.403601223,-250.4558673,-185.4664077,-0.394281202,-251.6840182,-185.6973657,-0.38639464,-253.4098259,-186.1861208,-0.368699254,-254.6155117,-186.364852,-0.38104176,-256.0484784,-186.6452025,-0.38674587,-257.1915709,-186.7586436,-0.390871351
-236.0738987,-177.8982136,-0.277481219,-245.4107851,-184.2890588,-0.449521634,-246.7926463,-184.687235,-0.428411018,-248.2113565,-185.0855045,-0.411562766,-249.4780984,-185.3692754,-0.403525534,-250.6839642,-185.5997713,-0.394133118,-251.9131397,-185.8276514,-0.386224933,-253.6405376,-186.3119047,-0.368463481,-254.8471177,-186.4875941,-0.380791957,-256.2812347,-186.7642635,-0.386497464,-257.4251708,-186.8748621,-0.390586505
-236.271849,-178.0623331,-0.278093354,-245.6338817,-184.4348559,-0.450068486,-247.0172456,-184.8295988,-0.428642508,-248.4374923,-185.2243441,-0.411616972,-249.7053147,-185.504911,-0.403458055,-250.9124214,-185.7325226,-0.393992517,-252.1426081,-185.9573164,-0.386064655,-253.8715883,-186.4370661,-0.368236968,-255.0790594,-186.6097114,-0.380552432,-256.5142682,-186.8826682,-0.386261194,-257.659086,-186.9904464,-0.390312558
-236.4702181,-178.2259406,-0.27872579,-245.8573555,-184.5800507,-0.450627782,-247.2422232,-184.9713604,-0.428884103,-248.663996,-185.3625762,-0.411679306,-249.9328992,-185.6399395,-0.403398513,-251.1412378,-185.8646608,-0.393859103,-252.3724173,-186.0863571,-0.385913585,-254.1029786,-186.5616047,-0.368019846,-255.3113336,-186.7312024,-0.380322613,-256.7468369,-187.0000154,-0.386061106,-257.8933106,-187.1053927,-0.390050551
-236.6690042,-178.3890355,-0.279377274,-246.0812111,-184.7246474,-0.451198183,-247.4675794,-185.1125193,-0.429136117,-248.8908668,-185.5001999,-0.411750015,-250.1608486,-185.7743592,-0.403346529,-251.3704127,-185.9961853,-0.393732776,-252.602564,-186.2147716,-0.385771205,-254.3347089,-186.6855205,-0.367812299,-255.5439373,-186.8520655,-0.380102185,-256.9805739,-187.1171587,-0.385872434,-258.1278338,-187.2196947,-0.389801255
-236.868205,-178.5516167,-0.280046398,-246.3054523,-184.8686496,-0.451778877,-247.6933131,-185.2530753,-0.429398016,-249.1181059,-185.6372156,-0.411829561,-250.3891599,-185.9081684,-0.403301726,-251.5999445,-186.1270951,-0.393613663,-252.833048,-186.3425607,-0.38563661,-254.5667788,-186.8088131,-0.367614213,-255.7759926,-186.9718471,-0.379891434,-257.2146279,-187.2336691,-0.385691631,-258.3626459,-187.333347,-0.389564903
-237.0678178,-178.7136829,-0.280731626,-246.5300794,-185.012057,-0.452369866,-247.9194225,-185.3930281,-0.429669055,-249.3457147,-185.7736241,-0.411918322,-250.6178308,-186.041366,-0.403263856,-251.8298312,-186.2573885,-0.393502056,-253.0638724,-186.4697265,-0.385509209,-254.7991861,-186.9314814,-0.367425261,-256.0092541,-187.0914203,-0.379721616,-257.4489953,-187.3495448,-0.385518275,-258.5968318,-187.4459015,-0.389348993
-237.2678401,-178.8752324,-0.281431771,-246.7550927,-185.1548687,-0.452971217,-248.1459055,-185.5323767,-0.429948534,-249.5736928,-185.9094253,-0.412016236,-250.8468605,-186.1739512,-0.403232858,-252.0600693,-186.387063,-0.393398122,-253.2950397,-186.5962711,-0.385388763,-255.0311037,-187.0530575,-0.367275458,-256.2428301,-187.210357,-0.37956117,-257.683672,-187.4647828,-0.385353033,-258.8322296,-187.5582338,-0.389162444
-237.4682712,-179.0362636,-0.282146138,-246.9795375,-185.2964601,-0.453600917,-248.3727596,-185.67112,-0.430236078,-249.8020383,-186.044618,-0.412122869,-251.0762482,-186.3059237,-0.403208783,-252.2906557,-186.5161169,-0.393301755,-253.5265506,-186.7221947,-0.385275237,-255.2641888,-187.1744444,-0.367136489,-256.4767177,-187.3286562,-0.379409438,-257.9186516,-187.579379,-0.385196475,-259.0679231,-187.669924,-0.388983658
-237.669111,-179.196776,-0.282874149,-247.2053442,-185.4380443,-0.45426504,-248.5999837,-185.8092569,-0.430531611,-250.0307481,-186.1792008,-0.412237614,-251.3059924,-186.4372823,-0.403191882,-252.5215883,-186.6445491,-0.393212455,-253.7584047,-186.8474967,-0.385168466,-255.4975999,-187.2952008,-0.367005768,-256.7109168,-187.4463186,-0.379265405,-258.1539295,-187.6933306,-0.385048738,-259.3039179,-187.7809756,-0.388812419
-237.8703595,-179.3567687,-0.283615206,-247.4315355,-185.5790299,-0.454938901,-248.8275775,-185.946787,-0.430835232,-250.2598192,-186.3131719,-0.412359923,-251.5360888,-186.5680243,-0.403182727,-252.752865,-186.7723593,-0.393129638,-253.9906014,-186.9721765,-0.385068255,-255.7313332,-187.4153247,-0.366883394,-256.9454298,-187.5633459,-0.379128334,-258.3895033,-187.8066371,-0.384908931,-259.5402134,-187.8913871,-0.388650357
-238.0720164,-179.5162412,-0.284368317,-247.6581051,-185.7194134,-0.455621246,-249.0555407,-186.0837098,-0.431147062,-250.4892495,-186.4465302,-0.412489432,-251.7665297,-186.6981449,-0.403181563,-252.9844844,-186.8995473,-0.393052814,-254.2231397,-187.096233,-0.384974413,-255.9653864,-187.5348143,-0.366769455,-257.1802575,-187.679739,-0.3789981,-258.6253733,-187.9193002,-0.384775161,-259.7768003,-188.0011524,-0.388498352
-238.2740795,-179.6751922,-0.285132168,-247.8850464,-185.8591915,-0.456310805,-249.2838726,-186.2200248,-0.431466931,-250.7190376,-186.5792748,-0.412625975,-251.997308,-186.8276397,-0.40318838,-253.2164449,-187.0261123,-0.392981784,-254.4560172,-187.2196652,-0.384886633,-256.1997579,-187.6536692,-0.366663785,-257.4153959,-187.7954951,-0.378875702,-258.8615435,-188.0313233,-0.384645895,-260.0136676,-188.110265,-0.388356458
-238.4765456,-179.8336197,-0.2859054,-248.1123546,-185.9983615,-0.457006729,-249.5125711,-186.3557312,-0.431794462,-250.9491824,-186.711405,-0.412769545,-252.2284199,-186.9565069,-0.403202792,-253.4487457,-187.1520537,-0.392916646,-254.6892305,-187.342471,-0.384804546,-256.4344468,-187.7718894,-0.366565754,-257.6508349,-187.9106085,-0.378761834,-259.0980155,-188.1427079,-0.384520728,-260.2508089,-188.2187219,-0.388223924
-238.6794117,-179.9915219,-0.286686689,-248.3400285,-186.1369224,-0.45770876,-249.7406987,-186.4902688,-0.432135546,-251.1796825,-186.8429197,-0.412920375,-252.4589719,-187.0842471,-0.403228662,-253.681387,-187.2773713,-0.392857664,-254.9219107,-187.4641752,-0.384746522,-256.6694529,-187.8894754,-0.366474707,-257.8865645,-188.0250733,-0.378656659,-259.334785,-188.2534511,-0.384400962,-260.4882243,-188.3265243,-0.38809861
-238.8826755,-180.1488973,-0.287474935,-248.5680687,-186.2748745,-0.458416952,-249.9701403,-186.6247206,-0.432517237,-251.4105352,-186.973817,-0.413078863,-252.6907733,-187.2118342,-0.403293632,-253.9142156,-187.4019814,-0.392806192,-255.1558004,-187.5856949,-0.384709947,-256.9047752,-188.0064272,-0.366390158,-258.1225799,-188.1388875,-0.378559661,-259.5718423,-188.3635469,-0.384287867,-260.7259219,-188.4336772,-0.387979087
-239.086336,-180.3057453,-0.288269145,-248.7964764,-186.4122181,-0.45913136,-250.1999405,-186.7585593,-0.432905226,-251.6417366,-187.1040942,-0.413245244,-252.9229162,-187.3388,-0.403365124,-254.1468214,-187.525631,-0.392794585,-255.3900173,-187.7065835,-0.384678773,-257.1404111,-188.1227433,-0.366312328,-258.358883,-188.2520535,-0.37846884,-259.8091768,-188.4729888,-0.38418216,-260.9639096,-188.5401852,-0.387865015
-239.2903933,-180.4620663,-0.289068453,-249.0252519,-186.5489533,-0.459851649,-250.430098,-186.8917843,-0.433299272,-251.8723806,-187.2332161,-0.413443791,-253.155402,-187.4651452,-0.403443447,-254.3804961,-187.6490435,-0.392791423,-255.6245598,-187.8268399,-0.384653204,-257.3763549,-188.2384198,-0.366242416,-258.5954826,-188.3645772,-0.378382586,-260.0467835,-188.5817742,-0.384083722,-261.202191,-188.6460499,-0.387756466
-239.4948471,-180.6178601,-0.289872208,-249.2543935,-186.6850795,-0.460577052,-250.6606118,-187.0243948,-0.433699207,-252.104287,-187.3622159,-0.413664522,-253.3882306,-187.5908692,-0.403528625,-254.6145043,-187.7718281,-0.392794296,-255.8594267,-187.9464634,-0.384633327,-257.6125958,-188.3534507,-0.366181322,-258.8323866,-188.4764633,-0.378300316,-260.2846643,-188.6899052,-0.383990919,-261.4407676,-188.7512712,-0.387653179
-239.6996965,-180.7731255,-0.290680187,-249.4838984,-186.820595,-0.461306562,-250.89148,-187.1563896,-0.434105039,-252.3365342,-187.490592,-0.41389194,-253.6214008,-187.715971,-0.403620527,-254.8488422,-187.8939828,-0.39280295,-256.094617,-188.0654537,-0.384618777,-257.8491247,-188.4678312,-0.366129205,-259.0695969,-188.5877127,-0.378222469,-260.5228279,-188.7973869,-0.383902466,-261.679639,-188.8558484,-0.387554607
-239.9049383,-180.9278597,-0.291492801,-249.7137634,-186.9554983,-0.462039141,-251.1226982,-187.2877658,-0.434517123,-252.5691213,-187.6183447,-0.414125565,-253.8549111,-187.8404496,-0.403718981,-255.083507,-188.0155058,-0.392817474,-256.3301284,-188.1838102,-0.384608841,-258.0859373,-188.5815602,-0.366085175,-259.3071122,-188.698323,-0.378149856,-260.7612826,-188.9042242,-0.383817924,-261.9188042,-188.9597806,-0.387459919
-240.1105676,-181.082058,-0.292310489,-249.9439856,-187.0897877,-0.462773942,-251.3542585,-187.4185186,-0.43493545,-252.8020475,-187.7454736,-0.414365171,-254.0887587,-187.9643033,-0.40382374,-255.3184949,-188.136395,-0.392838321,-256.5659583,-188.3015322,-0.384602735,-258.3230358,-188.6946405,-0.366047274,-259.5449281,-188.8082905,-0.378082953,-261.0000313,-189.0104185,-0.383737317,-262.1582604,-189.0630671,-0.387367898
-240.3165797,-181.2357166,-0.293133257,-250.1745631,-187.2234621,-0.463510305,-251.5861537,-187.5486437,-0.435359707,-253.0353126,-187.8719786,-0.414610833,-254.3229399,-188.0875305,-0.403934545,-255.553801,-188.2566476,-0.392865797,-256.8021034,-188.4186183,-0.384599959,-258.5604291,-188.8070779,-0.366014032,-259.7830397,-188.917612,-0.378021748,-261.2390746,-189.1159695,-0.383660424,-262.3980029,-189.1657064,-0.38727722
-240.5229723,-181.3888346,-0.293960324,-250.4044901,-187.3559312,-0.464257289,-251.81838,-187.6781394,-0.43578927,-253.2689171,-187.9978596,-0.414862713,-254.5574514,-188.2101293,-0.404051201,-255.7894215,-188.3762618,-0.392899771,-257.0385605,-188.5350664,-0.384600842,-258.7981236,-188.918876,-0.365985668,-260.0214442,-189.0262864,-0.377965134,-261.4784117,-189.2208762,-0.383586849,-262.6380276,-189.2676972,-0.387186757
-240.7297448,-181.5414128,-0.294790318,-250.6357921,-187.4883391,-0.46503719,-252.050938,-187.8070065,-0.436223141,-253.5028608,-188.123116,-0.415120925,-254.7922903,-188.3320982,-0.404173731,-256.0253549,-188.4952373,-0.392939557,-257.275326,-188.6508738,-0.384606348,-259.0361178,-189.0300328,-0.365963962,-260.2601389,-189.1343138,-0.377911801,-261.718041,-189.3251373,-0.383516115,-262.8783299,-189.3690375,-0.387096426
-240.9368986,-181.6934535,-0.295621778,-250.8674443,-187.6201287,-0.465817936,-252.2838323,-187.9352483,-0.436660747,-253.7371427,-188.2477471,-0.415385344,-255.0274549,-188.453436,-0.404302364,-256.2616025,-188.6135755,-0.392984598,-257.5123939,-188.7660365,-0.384617226,-259.2744022,-189.1405422,-0.365949978,-260.4991224,-189.2416948,-0.377860721,-261.9570571,-189.4283336,-0.383473577,-263.1189032,-189.4697232,-0.387007426
-241.1444346,-181.8449584,-0.296453648,-251.0994428,-187.7512973,-0.466599382,-252.5170669,-188.0628675,-0.437101933,-253.9717602,-188.3717517,-0.415655635,-255.2629435,-188.5741417,-0.404437344,-256.4981658,-188.7312777,-0.393034629,-257.74976,-188.8805527,-0.384633205,-259.51211,-189.2499956,-0.365951653,-260.7375045,-189.3480275,-0.377816439,-262.1972741,-189.5312772,-0.383435047,-263.3597379,-189.5697492,-0.386920795
-241.3523515,-181.9959258,-0.297286134,-251.3317835,-187.8818424,-0.467381212,-252.7506429,-188.1898648,-0.437546682,-254.2067095,-188.4951278,-0.415931344,-255.4987549,-188.6942144,-0.404578757,-256.7350438,-188.8483432,-0.393090039,-257.9874235,-188.9944233,-0.38465278,-259.7509582,-189.3591666,-0.365985882,-260.9770746,-189.4540892,-0.377800265,-262.4377727,-189.6335722,-0.383396508,-263.6008257,-189.669111,-0.386837075
-241.5606444,-182.1463511,-0.298121003,-251.5644641,-188.0117627,-0.468162851,-252.9845604,-188.3162398,-0.437994687,-254.441987,-188.6178736,-0.416212056,-255.734888,-188.8136537,-0.404726186,-256.972231,-188.9647686,-0.393152027,-258.2253869,-189.1076509,-0.384674564,-259.990079,-189.4676822,-0.366025438,-261.216934,-189.5595042,-0.377786513,-262.6785474,-189.7352163,-0.383358007,-263.8421634,-189.7678079,-0.386755475
-241.7687079,-182.2957982,-0.298960899,-251.7974832,-188.1410581,-0.468943383,-253.2188184,-188.4419914,-0.438445529,-254.6775898,-188.7399874,-0.416497675,-255.9713408,-188.9324594,-0.404878905,-257.2097166,-189.0805475,-0.393221397,-258.4636529,-189.2202383,-0.384697687,-260.2294803,-189.5755471,-0.366069146,-261.4570842,-189.6642727,-0.377775451,-262.9195877,-189.8362041,-0.383321679,-264.0828193,-189.8654632,-0.386674432
-241.9777211,-182.4450946,-0.29982474,-252.0308405,-188.2697291,-0.469722014,-253.4524458,-188.566585,-0.438913597,-254.9135142,-188.8614671,-0.416788463,-256.2081107,-189.0506306,-0.405036068,-257.4474905,-189.1956746,-0.39329842,-258.7022207,-189.3321848,-0.384722702,-260.4691696,-189.6827658,-0.366116876,-261.697525,-189.7683945,-0.377766657,-263.1608761,-189.9365269,-0.383289565,-264.324678,-189.962816,-0.386620125
-242.1871058,-182.5938447,-0.300693546,-252.2645354,-188.3977758,-0.470498115,-253.6873955,-188.6910531,-0.43940896,-255.1497552,-188.9823099,-0.417084541,-256.4447345,-189.1679382,-0.40519711,-257.6855482,-189.3101484,-0.393382276,-258.9410847,-189.4434863,-0.38475138,-260.709151,-189.78934,-0.366169009,-261.9382533,-189.8718689,-0.377759097,-263.4023979,-190.036178,-0.383263074,-264.5667995,-190.059513,-0.386563908
-242.3968557,-182.7420454,-0.30156394,-252.4985668,-188.5251978,-0.471271322,-253.9226779,-188.8148936,-0.439905664,-255.3863087,-189.1025136,-0.417385649,-256.6816768,-189.2845755,-0.405397954,-257.9238919,-189.4239718,-0.393471104,-259.1793362,-189.5537202,-0.384785771,-260.9494258,-189.8952696,-0.366225516,-262.1792647,-189.9746947,-0.377751611,-263.6441472,-190.1351555,-0.383243216,-264.8091884,-190.155556,-0.38650549
-242.6069776,-182.8897025,-0.302433713,-252.732934,-188.6519943,-0.472041389,-254.1582893,-188.9381046,-0.440403228,-255.6222349,-189.2215924,-0.417701711,-256.919384,-189.4007969,-0.405605929,-258.1616303,-189.5367108,-0.393575218,-259.4187738,-189.6636834,-0.384860004,-261.1899936,-190.0005537,-0.366286001,-262.420554,-190.0768699,-0.377743378,-263.8861304,-190.2334634,-0.383228471,-265.0518483,-190.2509461,-0.38644463
-242.8174746,-183.0368191,-0.303301325,-252.9676369,-188.7781651,-0.472808145,-254.394227,-189.0606848,-0.440901388,-255.8594286,-189.340487,-0.41804919,-257.1573876,-189.5163716,-0.405819494,-258.400583,-189.649218,-0.393707365,-259.658482,-189.7729878,-0.384939214,-261.4308532,-190.1051917,-0.366349772,-262.6621167,-190.1783919,-0.377734885,-264.1283644,-190.3311103,-0.383216196,-265.2947797,-190.345683,-0.386381038
-243.0283477,-183.1833954,-0.304165476,-253.2026751,-188.9037096,-0.47357141,-254.6304888,-189.1826326,-0.441400134,-256.096936,-189.4587451,-0.418399404,-257.3956857,-189.6312989,-0.406038382,-258.6398348,-189.7610824,-0.393844981,-259.8984623,-189.8816354,-0.385021772,-261.6720015,-190.2091825,-0.366415707,-262.9039434,-190.2792557,-0.377728284,-264.3708635,-190.4281028,-0.383205333,-265.5379801,-190.4397652,-0.386314538
-243.2395968,-183.3294309,-0.305024969,-253.4380477,-189.0286273,-0.474330785,-254.8670731,-189.3039471,-0.441899442,-256.334756,-189.5763662,-0.41875236,-257.6342791,-189.7455805,-0.406260998,-258.8793766,-189.8722981,-0.393989141,-260.1387232,-189.9896316,-0.385106753,-261.9134343,-190.3125249,-0.36648263,-263.1460178,-190.3794532,-0.37772553,-264.6136344,-190.5244437,-0.383195215,-265.7814453,-190.5331902,-0.386245288
-243.451221,-183.4749244,-0.305878895,-253.6737521,-189.1529169,-0.47508576,-255.1039782,-189.4246271,-0.442399121,-256.5728835,-189.6933468,-0.419109004,-257.8731717,-189.8592198,-0.406485957,-259.1191976,-189.9828588,-0.394140113,-260.3792724,-190.0969802,-0.385194251,-262.1551476,-190.4152178,-0.366549604,-263.3883272,-190.4789791,-0.377727142,-264.8566785,-190.6201334,-0.383184503,-266.02517,-190.6259552,-0.386173597
-243.6632185,-183.6198743,-0.306726497,-253.9090142,-189.2761727,-0.475836162,-255.3412031,-189.5446724,-0.442898551,-256.8113077,-189.8096808,-0.419469822,-258.1123661,-189.9722194,-0.406712411,-259.3592914,-190.0927612,-0.394297438,-260.6201152,-190.2036834,-0.385284739,-262.3971371,-190.5172592,-0.366616658,-263.6308714,-190.5778345,-0.377731101,-265.0999948,-190.7151709,-0.383171732,-266.2691503,-190.7180583,-0.386099786
-243.8755863,-183.764279,-0.307567038,-254.1451011,-189.399017,-0.476621434,-255.5787457,-189.6640826,-0.443396772,-257.0500193,-189.9253631,-0.419834773,-258.3518612,-190.0845784,-0.406940607,-259.5996584,-190.2020067,-0.394459223,-260.8612539,-190.3097414,-0.385378347,-262.6393968,-190.6186453,-0.366685015,-263.8736623,-190.6760258,-0.377735547,-265.3435802,-190.8095545,-0.383156011,-266.5133841,-190.8094987,-0.386023776
-244.0883206,-183.9081361,-0.308399898,-254.3817956,-189.5213766,-0.477402104,-255.8166034,-189.782857,-0.443892728,-257.2890136,-190.0403922,-0.420202996,-258.5916515,-190.1962929,-0.407171971,-259.8403066,-190.3106002,-0.394624288,-261.1026872,-190.4151532,-0.385474734,-262.8819173,-190.719371,-0.366755704,-264.1167138,-190.7735599,-0.377740173,-265.5874305,-190.9032818,-0.383137257,-266.7578678,-190.9002761,-0.385945245
-244.3014182,-184.0514439,-0.309224583,-254.6188043,-189.6430988,-0.478177241,-256.0547733,-189.9009945,-0.444385606,-257.5282927,-190.1547705,-0.420572407,-258.8317256,-190.307356,-0.40740747,-260.0812443,-190.4185464,-0.394792441,-261.3444124,-190.5199175,-0.385572995,-263.1246906,-190.8194322,-0.366829182,-264.3600332,-190.8704403,-0.37774504,-265.8315411,-190.9963503,-0.383115914,-267.002597,-190.9903894,-0.385863728
-244.5148766,-184.1942007,-0.310041005,-254.8561224,-189.7641808,-0.478946594,-256.2932519,-190.0184928,-0.444875433,-257.7678653,-190.2685039,-0.420941512,-259.0720734,-190.4177621,-0.407647404,-260.3224749,-190.5258471,-0.394963809,-261.5864245,-190.6240326,-0.385671896,-263.3677135,-190.9188282,-0.366904694,-264.6036236,-190.9666679,-0.377749682,-266.0759083,-191.0887579,-0.38309267,-267.2475666,-191.0798372,-0.385779008
-244.7286949,-184.3364051,-0.310849589,-255.0937473,-189.8846218,-0.479709659,-256.532035,-190.1353489,-0.445362898,-258.0077387,-190.3815968,-0.42130998,-259.31269,-190.5275094,-0.407891067,-260.5639996,-190.6325021,-0.395138247,-261.8287188,-190.7274972,-0.385770368,-263.6109876,-191.0175608,-0.366980556,-264.8474856,-191.0622426,-0.377753334,-266.3205306,-191.1805041,-0.383067758,-267.4927731,-191.1686179,-0.385691626
-244.9428724,-184.4780563,-0.311650852,-255.3316793,-190.0044225,-0.480465498,-256.7711155,-190.2515587,-0.445848491,-258.2479152,-190.4940495,-0.421678464,-259.5535773,-190.6366003,-0.408136775,-260.805818,-190.7385108,-0.3953153,-262.0712911,-190.8303099,-0.38586783,-263.8545188,-191.115634,-0.367055422,-265.0916173,-191.1571633,-0.377755323,-266.5654047,-191.2715882,-0.383040991,-267.7382149,-191.25673,-0.385602509
-245.1574088,-184.6191534,-0.312445125,-255.5699213,-190.123585,-0.481213423,-257.0104883,-190.3671193,-0.446331823,-258.488394,-190.6058601,-0.422047657,-259.7947443,-190.7450401,-0.408383443,-261.0479285,-190.8438719,-0.395494284,-262.3141371,-190.9324682,-0.385964997,-264.0983124,-191.2130509,-0.367128502,-265.3360149,-191.2514278,-0.3777555,-266.8105256,-191.3620094,-0.383011834,-267.9838913,-191.3441726,-0.385512548
-245.3723038,-184.7596965,-0.313232038,-255.8084753,-190.2421109,-0.48195306,-257.2491477,-190.4815265,-0.446832403,-258.7291704,-190.7170248,-0.422417779,-260.0361992,-190.8528331,-0.408630978,-261.2903288,-190.9485847,-0.395674078,-262.5572479,-191.0339673,-0.386064127,-264.3414981,-191.3094562,-0.367209003,-265.580674,-191.3450336,-0.377754253,-267.0558887,-191.4517664,-0.382979687,-268.2298025,-191.4309457,-0.385421828
-245.5875549,-184.8996849,-0.314010544,-256.0473403,-190.3599994,-0.482684604,-257.4891244,-190.5957617,-0.447345733,-258.9702402,-190.827541,-0.422788319,-260.2779466,-190.9599812,-0.408879587,-261.5330152,-191.0526483,-0.395853509,-262.8006067,-191.134799,-0.386167101,-264.5858371,-191.4055363,-0.367309903,-265.8246771,-191.4376255,-0.377758143,-267.3005606,-191.5405018,-0.382962432,-268.4759478,-191.5170502,-0.385329497
-245.8031584,-185.0391174,-0.314779327,-256.2865106,-190.4772467,-0.483408862,-257.7293992,-190.709355,-0.447852233,-259.2116005,-190.9374079,-0.423157747,-260.519989,-191.0664847,-0.409129166,-261.7759835,-191.1560614,-0.396031479,-263.0441997,-191.2349572,-0.386274384,-264.8304452,-191.5009619,-0.367408109,-266.0698575,-191.5298809,-0.377787013,-267.5464072,-191.6289003,-0.382954887,-268.7223256,-191.6024867,-0.385234476
-246.0191104,-185.1779925,-0.315537098,-256.5259745,-190.5938464,-0.484126133,-257.9699717,-190.8223063,-0.448352099,-259.4532487,-191.0466257,-0.423524614,-260.7613805,-191.1719042,-0.409403033,-262.0192289,-191.2588222,-0.396207608,-263.2880269,-191.3344431,-0.386383739,-265.0753202,-191.5957318,-0.367503401,-266.3152883,-191.6214729,-0.377815461,-267.7924929,-191.7166317,-0.382946071,-268.9689338,-191.6872554,-0.385135903
-246.2354073,-185.3163081,-0.316283452,-256.7657216,-190.7097931,-0.484836124,-258.2108375,-190.934612,-0.448846818,-259.6942185,-191.1547281,-0.423918723,-261.0040214,-191.2770838,-0.409689417,-262.2627439,-191.3609263,-0.396382899,-263.5321007,-191.4332632,-0.386493154,-265.3204579,-191.6898435,-0.367595879,-266.5609646,-191.7124004,-0.377842946,-268.0388206,-191.8036966,-0.38293631,-269.2157686,-191.7713546,-0.385034267
-246.4520477,-185.4540625,-0.317018905,-257.005747,-190.8250854,-0.485537637,-258.4519859,-191.0462656,-0.449337262,-259.9364514,-191.2626151,-0.424316232,-261.2469487,-191.3816151,-0.409973709,-262.5055869,-191.4619629,-0.396574892,-263.7755213,-191.5310457,-0.386613074,-265.5658536,-191.7832945,-0.367685794,-266.8068814,-191.8026624,-0.377868838,-268.2853887,-191.8900953,-0.382924701,-269.462827,-191.8547821,-0.384930951
-246.6690309,-185.5912541,-0.31774419,-257.2460529,-190.9397261,-0.486228704,-258.6934071,-191.1572617,-0.449823678,-260.1789687,-191.3698526,-0.424709682,-261.4901572,-191.4854963,-0.410254597,-262.7496234,-191.5627069,-0.396786882,-264.0201352,-191.6285227,-0.386755408,-265.8115039,-191.8760828,-0.367773436,-267.053035,-191.8922576,-0.377893037,-268.5321928,-191.9758275,-0.382909832,-269.7101065,-191.9375358,-0.384827448
-246.8863564,-185.7278819,-0.318459882,-257.4866483,-191.0537211,-0.48690805,-258.9350962,-191.2675983,-0.450305384,-260.4217718,-191.4764405,-0.425099209,-261.7336418,-191.5887257,-0.41053122,-262.9939079,-191.6627833,-0.396998944,-264.2650202,-191.7253457,-0.386896324,-266.0574065,-191.968208,-0.367858696,-267.2994253,-191.9811853,-0.377916141,-268.7792271,-192.0608922,-0.38289035,-269.9566569,-192.0192792,-0.384744397
-247.1040241,-185.8639458,-0.319165829,-257.7264465,-191.1665314,-0.487601722,-259.1770546,-191.3772775,-0.45078065,-260.6648619,-191.5823788,-0.425484756,-261.9773983,-191.6913011,-0.410804024,-263.238442,-191.7621943,-0.397209269,-264.5101776,-191.8215147,-0.387034829,-266.3035581,-192.0596693,-0.367941139,-267.5460544,-192.0694455,-0.377938972,-269.0264855,-192.1452872,-0.382866077,-270.2043835,-192.100659,-0.384670647
-247.3220326,-185.9994455,-0.319861307,-257.9676513,-191.279208,-0.488300074,-259.4192909,-191.4863043,-0.451248437,-260.9082387,-191.6876678,-0.425865568,-262.2214177,-191.7932175,-0.411075099,-263.4832323,-191.8609438,-0.397416484,-264.7556053,-191.9170285,-0.387170009,-266.549954,-192.1504659,-0.368020159,-267.7929248,-192.1570384,-0.377962124,-269.273963,-192.2290097,-0.382838485,-270.4523276,-192.1813645,-0.384596875
-247.5403807,-186.134381,-0.32054551,-258.2091544,-191.3912409,-0.48898897,-259.661813,-191.5946832,-0.45170864,-261.1518995,-191.7923067,-0.426240376,-262.4656832,-191.8944668,-0.411346123,-263.7282844,-191.9590353,-0.397619789,-265.0012997,-192.0118851,-0.387301444,-266.7965892,-192.2405965,-0.368095318,-268.0400372,-192.2439648,-0.377985154,-269.5216529,-192.3120563,-0.382809185,-270.7004877,-192.2613962,-0.384522576
-247.7590668,-186.2687518,-0.321217758,-258.4509525,-191.5026273,-0.489668467,-259.9046256,-191.7024161,-0.452161413,-261.3958405,-191.8962947,-0.426607813,-262.7101808,-191.9950429,-0.411617725,-263.9736004,-192.0564697,-0.397818682,-265.2472562,-192.106082,-0.387429305,-267.0434603,-192.3300594,-0.368166924,-268.2873885,-192.3302245,-0.378006805,-269.7695507,-192.3944247,-0.382779335,-270.9488613,-192.340754,-0.38444762
-247.9780891,-186.4025568,-0.321877769,-258.6930426,-191.6133654,-0.490337684,-260.1477312,-191.8095035,-0.452606721,-261.640057,-191.9996298,-0.426966941,-262.954904,-192.0949441,-0.411889831,-264.2191815,-192.1532473,-0.398012454,-265.4934694,-192.1996163,-0.38755399,-267.2905657,-192.4188532,-0.368235731,-268.5349732,-192.4158169,-0.378025597,-270.0176547,-192.4761146,-0.38274905,-271.1974485,-192.4194375,-0.384372378
-248.1974468,-186.5357956,-0.322525368,-258.9354202,-191.7234542,-0.490994931,-260.3911291,-191.9159444,-0.453044141,-261.8845444,-192.1023095,-0.427318053,-263.1998583,-192.1941743,-0.412160414,-264.4650286,-192.2493682,-0.398200465,-265.7399358,-192.2924864,-0.387675762,-267.5379049,-192.5069772,-0.368302512,-268.7827846,-192.50074,-0.378040717,-270.2659658,-192.5571273,-0.382717504,-271.4462502,-192.4974467,-0.384297412
-248.4171402,-186.6684679,-0.323160492,-259.178083,-191.8328939,-0.491638893,-260.6348165,-192.0217376,-0.453472742,-262.1292938,-192.2043287,-0.427662841,-263.4450601,-192.2927416,-0.412426978,-264.7111414,-192.3448317,-0.398382463,-265.9866533,-192.3846918,-0.387794328,-267.7854782,-192.5944313,-0.368367354,-269.0308158,-192.5849909,-0.378052932,-270.5144884,-192.6374654,-0.382684125,-271.6952674,-192.5747815,-0.384223357
-248.6371691,-186.8005736,-0.323783164,-259.4210288,-191.9416844,-0.492268768,-260.8787893,-192.1268816,-0.453891177,-262.3742891,-192.3056799,-0.428002694,-263.6905238,-192.3906525,-0.412688778,-264.9575177,-192.4396363,-0.398558606,-266.2336188,-192.4762322,-0.387909171,-268.033285,-192.6812161,-0.368429363,-269.2790612,-192.6685665,-0.37806365,-270.763226,-192.7171306,-0.382648881,-271.9444992,-192.6514415,-0.384150742
-248.8575332,-186.9321125,-0.324393173,-259.6642558,-192.0498251,-0.492884473,-261.1219999,-192.230906,-0.45431939,-262.6195178,-192.4063578,-0.42833758,-263.9362583,-192.4879105,-0.412945259,-265.2041534,-192.5337797,-0.398729169,-266.4808283,-192.5671069,-0.388019608,-268.2813235,-192.7673324,-0.368487322,-269.5275165,-192.7514641,-0.378074269,-271.012181,-192.7961237,-0.382612018,-272.1939433,-192.7274253,-0.384079959
-249.0782302,-187.0630836,-0.324990239,-259.9077646,-192.1573158,-0.493486242,-261.3665429,-192.3347136,-0.454753697,-262.8649797,-192.5063634,-0.428665256,-264.1822679,-192.5845169,-0.413195404,-265.4510447,-192.6272598,-0.398894447,-266.7282774,-192.6573145,-0.388125249,-268.5295912,-192.8527802,-0.368540119,-269.7761809,-192.8336834,-0.378085376,-271.2613554,-192.8744449,-0.382573918,-272.4435958,-192.8027317,-0.384011232
-249.2992576,-187.1934855,-0.325574025,-260.1515567,-192.2641567,-0.494074356,-261.6113576,-192.4378671,-0.455175925,-263.1106861,-192.605703,-0.428983937,-264.4285514,-192.6804709,-0.413437815,-265.6981891,-192.7200755,-0.399054338,-266.9759643,-192.7468537,-0.388226289,-268.7780846,-192.9375582,-0.368587844,-270.0250561,-192.9152256,-0.378096396,-271.5107494,-192.9520939,-0.382534898,-272.6934531,-192.8773594,-0.383944574
-249.5206124,-187.3233168,-0.32614419,-260.3956335,-192.3703479,-0.494648824,-261.8564388,-192.5403632,-0.455587486,-263.3566501,-192.7043832,-0.429293251,-264.6751037,-192.7757698,-0.413671342,-265.9455829,-192.8122261,-0.39920833,-267.2238898,-192.8357242,-0.388323296,-269.0268004,-193.0216642,-0.368631648,-270.2741448,-192.9960928,-0.378106651,-271.7603609,-193.0290696,-0.382495165,-272.9435126,-192.9513079,-0.383879767
-249.7422925,-187.4525764,-0.326700537,-260.6399951,-192.47589,-0.495208921,-262.1017778,-192.6421971,-0.455989373,-263.6018735,-192.8019987,-0.429601223,-264.9209373,-192.8700275,-0.413901948,-266.1932212,-192.9037105,-0.399355647,-267.472055,-192.9239255,-0.388416843,-269.2748371,-193.1047834,-0.368683702,-270.5234492,-193.0762866,-0.378115628,-272.0101862,-193.1053706,-0.382454917,-273.1937713,-193.0245766,-0.383816606
-249.963596,-187.5808424,-0.327255776,-260.8846389,-192.5807824,-0.495753546,-262.3473677,-192.7433652,-0.456381887,-263.8483824,-192.8993348,-0.429929446,-265.1680197,-192.9639748,-0.414153508,-266.4410993,-192.9945279,-0.399495505,-267.7204609,-193.0114582,-0.388506541,-269.5240001,-193.1875111,-0.368755911,-270.7729688,-193.155807,-0.378123231,-272.2602207,-193.1809952,-0.382414351,-273.444226,-193.0971651,-0.383754889
-250.1859306,-187.7089442,-0.327800591,-261.1295608,-192.685024,-0.496281456,-262.5932051,-192.8438669,-0.4567642,-264.09516,-192.9960158,-0.430247001,-265.4153558,-193.0572592,-0.414396209,-266.6892135,-193.0846765,-0.39962793,-267.9691051,-193.0983226,-0.388591176,-269.7733807,-193.2695633,-0.368826377,-271.0217726,-193.2343548,-0.37813439,-272.5104605,-193.2559418,-0.382373705,-273.6948735,-193.1690725,-0.383694606
-250.4085886,-187.8364732,-0.328331425,-261.3736086,-192.7881229,-0.496797111,-262.8392909,-192.9437039,-0.457134616,-264.3422045,-193.0920406,-0.430553113,-265.6629436,-193.1498803,-0.414629916,-266.9366077,-193.1737922,-0.39977175,-268.2179828,-193.1845179,-0.388669213,-270.0229771,-193.3509404,-0.36889432,-271.2717299,-193.3125003,-0.378170196,-272.7599531,-193.3299209,-0.382340168,-273.9457121,-193.240298,-0.383636016
-250.6315663,-187.963427,-0.328849136,-261.6190753,-192.8910166,-0.497332786,-263.0856308,-193.0428798,-0.457491923,-264.5895124,-193.1874073,-0.430847486,-265.91078,-193.2418377,-0.414854296,-267.185204,-193.2625698,-0.399927109,-268.4661536,-193.2697028,-0.388758081,-270.272788,-193.4316431,-0.368959045,-271.5219021,-193.3899714,-0.378205012,-273.0106043,-193.403485,-0.382328586,-274.1967417,-193.3108414,-0.383579537
-250.8548565,-188.0898013,-0.329354479,-261.8647858,-192.9932432,-0.497854025,-263.3322295,-193.1413974,-0.457835545,-264.8370795,-193.2821134,-0.431130331,-266.1588606,-193.3331305,-0.415068735,-267.4340401,-193.3506782,-0.400076918,-268.7154903,-193.3545252,-0.388855042,-270.5228114,-193.5116713,-0.369020154,-271.7722878,-193.4667672,-0.378239087,-273.2614525,-193.4763697,-0.382316706,-274.4479623,-193.3807023,-0.383525543
-251.0784523,-188.2155921,-0.329847747,-262.1107265,-193.0947962,-0.498361832,-263.5790909,-193.2392585,-0.458165177,-265.0849013,-193.3761566,-0.431402084,-266.4071798,-193.4237571,-0.415272676,-267.6831159,-193.4381179,-0.400220405,-268.9650448,-193.4386725,-0.388945991,-270.7730472,-193.5910249,-0.36907779,-272.0228843,-193.5428866,-0.378272675,-273.5124941,-193.5485744,-0.382304366,-274.699374,-193.4498809,-0.383473764
-251.3023503,-188.3407974,-0.330329089,-262.3568923,-193.1956739,-0.498856729,-263.8262182,-193.3364639,-0.458480653,-265.3329747,-193.4695354,-0.431663038,-266.6557356,-193.5137162,-0.415466211,-267.9324282,-193.5248892,-0.400356322,-269.2148124,-193.5221418,-0.389032353,-271.0234968,-193.669704,-0.369132378,-272.2736878,-193.6183283,-0.378305917,-273.7637278,-193.6200982,-0.382291731,-274.950975,-193.5183776,-0.383423462
-251.5265517,-188.4654186,-0.330797757,-262.6032887,-193.29588,-0.499337087,-264.0736123,-193.4330136,-0.458781716,-265.5812964,-193.5622491,-0.431912974,-266.9045287,-193.6030073,-0.415649872,-268.1819715,-193.610991,-0.400483313,-269.4647905,-193.6049317,-0.389114822,-271.2741608,-193.7477084,-0.369184407,-272.5246952,-193.6930912,-0.378338737,-274.0151536,-193.690941,-0.382279157,-275.2027624,-193.5861923,-0.383373753
-251.7510611,-188.5894588,-0.331252812,-262.8499307,-193.3954221,-0.499801263,-264.3212707,-193.5289063,-0.459068184,-265.8298611,-193.6542965,-0.432151245,-267.1535604,-193.6916302,-0.415824229,-268.4317386,-193.6964212,-0.400600778,-269.7149784,-193.6870427,-0.389192668,-271.5250385,-193.8250376,-0.369234256,-272.7759026,-193.7671745,-0.378370837,-274.2667721,-193.7611024,-0.382266994,-275.4547327,-193.6533246,-0.383324038
-251.9758829,-188.7129211,-0.331693705,-263.0968317,-193.4943069,-0.500248918,-264.5691895,-193.6241397,-0.459340148,-266.0786646,-193.7456768,-0.432377108,-267.4028321,-193.7795854,-0.415989094,-268.6817242,-193.7811771,-0.400709675,-269.965378,-193.7684767,-0.389265135,-271.7761275,-193.9016905,-0.369282174,-273.027306,-193.8405775,-0.378401823,-274.5185834,-193.8305826,-0.382255146,-275.7059171,-193.7195082,-0.383285011
-252.2010182,-188.8358063,-0.332119906,-263.3439978,-193.5925369,-0.500679776,-264.8173639,-193.7187112,-0.459597871,-266.3277032,-193.8363888,-0.432590357,-267.6523418,-193.866873,-0.416143336,-268.9319237,-193.865256,-0.40081137,-270.2159916,-193.8492351,-0.389331786,-272.0274237,-193.9776656,-0.369328253,-273.2789021,-193.9132996,-0.378431339,-274.7705855,-193.8993818,-0.382242871,-275.9582432,-193.7852438,-0.383266813
-252.4264665,-188.958114,-0.332530834,-263.5914309,-193.6901127,-0.501092897,-265.0647096,-193.8121924,-0.459858715,-266.5769762,-193.9264318,-0.432791424,-267.9020845,-193.9534926,-0.416285405,-269.182334,-193.9486558,-0.400907116,-270.4668193,-193.9293186,-0.389392498,-272.2789236,-194.0529616,-0.369372464,-273.5306882,-193.9853399,-0.378459336,-275.0227752,-193.9674997,-0.382229228,-276.2107324,-193.8502888,-0.383252674
-252.6522269,-189.0798433,-0.332925957,-263.8391307,-193.7870338,-0.501487157,-265.3133982,-193.9054013,-0.460128293,-266.8264853,-194.0158055,-0.432981057,-268.1520547,-194.0394431,-0.416413927,-269.4329549,-194.0313765,-0.400997286,-270.7178613,-194.0087268,-0.389447356,-272.5306243,-194.127578,-0.369414569,-273.7826637,-194.0566981,-0.378486013,-275.2751481,-194.0349357,-0.38221351,-276.4633779,-193.9146411,-0.383242899
-252.8782979,-189.2009932,-0.333304946,-264.0870948,-193.8832989,-0.501861829,-265.5623337,-193.9979454,-0.4603836,-267.0762318,-194.1045098,-0.433159929,-268.4022468,-194.1247224,-0.416528986,-269.6837871,-194.1134191,-0.401081259,-270.9691185,-194.0874599,-0.389496554,-272.7825231,-194.2015141,-0.369454306,-274.0348292,-194.127374,-0.378511666,-275.5276997,-194.1016883,-0.382196154,-276.7161784,-193.9783016,-0.383236042
-253.1046778,-189.3215626,-0.333667585,-264.3353195,-193.9789059,-0.502216871,-265.8115112,-194.0898236,-0.460624073,-267.3262169,-194.1925455,-0.433327641,-268.6526555,-194.2093274,-0.416632012,-269.9348322,-194.1947854,-0.401158401,-271.2205908,-194.1655173,-0.389540365,-273.0346168,-194.2747697,-0.369491376,-274.2871857,-194.1973676,-0.378536385,-275.7804223,-194.1677543,-0.382179103,-276.9691402,-194.0412731,-0.383231041
-253.3313643,-189.4415503,-0.334013757,-264.583801,-194.0738527,-0.502552803,-266.0609256,-194.1810346,-0.460849228,-267.5764384,-194.2799128,-0.433483005,-268.9032744,-194.293255,-0.416724541,-270.1860916,-194.2754765,-0.401228321,-271.4722769,-194.2428984,-0.389579041,-273.2869025,-194.3473439,-0.369525578,-274.5397328,-194.2666793,-0.378559595,-276.033303,-194.2331294,-0.382164143,-277.2222697,-194.1035581,-0.383227678
-253.5583543,-189.5609549,-0.334343392,-264.832535,-194.1681369,-0.502870352,-266.3105734,-194.2715769,-0.461059366,-267.8258633,-194.3662342,-0.433644517,-269.1540985,-194.3765026,-0.416807702,-270.4375641,-194.3554921,-0.401291075,-271.7241737,-194.3196019,-0.389612836,-273.5393781,-194.4192361,-0.369557037,-274.7924685,-194.3353093,-0.378580327,-276.2863315,-194.2978103,-0.382152203,-277.4755698,-194.1651574,-0.383226445
-253.7856451,-189.6797749,-0.334656448,-265.0815187,-194.2617572,-0.503169939,-266.5604532,-194.3614493,-0.461255269,-268.0765526,-194.4522289,-0.433809282,-269.4041261,-194.4587165,-0.416905122,-270.6892493,-194.434832,-0.401346782,-271.9762774,-194.3956264,-0.389641935,-273.7920436,-194.490446,-0.369586083,-275.0453896,-194.4032574,-0.378597535,-276.5395033,-194.3617968,-0.382143195,-277.7290403,-194.22607,-0.383228143
-254.0132345,-189.7980094,-0.334953058,-265.3295709,-194.3542552,-0.50346892,-266.8105643,-194.4506508,-0.461437739,-268.3274619,-194.5375508,-0.433959749,-269.6553702,-194.5405743,-0.417004611,-270.9411477,-194.5134959,-0.401395674,-272.2285844,-194.4709706,-0.389666402,-274.0448987,-194.560973,-0.369613086,-275.2984912,-194.4705225,-0.378610941,-276.7928226,-194.4250913,-0.38213569,-277.9826781,-194.2862943,-0.383233211
-254.2411214,-189.9156574,-0.335233561,-265.5790563,-194.4465113,-0.503771828,-267.0609074,-194.5391814,-0.461607048,-268.5785877,-194.6221975,-0.434097478,-269.9068235,-194.6217564,-0.417093037,-271.1932589,-194.5914833,-0.401438122,-272.4810915,-194.5456339,-0.389686084,-274.2970284,-194.630555,-0.369647381,-275.5517648,-194.5371015,-0.378621893,-277.0463009,-194.4876978,-0.382128566,-278.2364796,-194.3458288,-0.383241723
-254.4693044,-190.0327181,-0.335498315,-265.8287782,-194.538101,-0.504055157,-267.311482,-194.6270419,-0.461762496,-268.8299259,-194.7061667,-0.43422397,-270.1584895,-194.7022643,-0.417170471,-271.4446057,-194.6684762,-0.401492193,-272.733795,-194.6196156,-0.389700697,-274.5502693,-194.6996883,-0.369701588,-275.8051984,-194.6029902,-0.378631838,-277.2999482,-194.5496192,-0.382122117,-278.4904417,-194.404673,-0.383253237
-254.6977825,-190.1491908,-0.335747547,-266.078733,-194.6290228,-0.504318818,-267.562286,-194.7142326,-0.461902984,-269.0814745,-194.7894572,-0.434340002,-270.4103715,-194.782099,-0.417237352,-271.6971447,-194.7450761,-0.401558476,-272.9866921,-194.6929153,-0.389709941,-274.8036951,-194.768139,-0.369751858,-276.0587816,-194.6681848,-0.378641948,-277.5537704,-194.6108563,-0.382117078,-278.7445617,-194.4628269,-0.383267225
-254.9265549,-190.2650752,-0.3359811,-266.3289207,-194.7192762,-0.504563356,-267.8133168,-194.8007538,-0.462027487,-269.3332329,-194.8720694,-0.434445052,-270.6624712,-194.8612606,-0.417294099,-271.949888,-194.8209962,-0.401619191,-273.2388268,-194.765234,-0.389737783,-275.0573016,-194.8359066,-0.369797397,-276.3115611,-194.7324422,-0.378653645,-277.8077704,-194.6714088,-0.382113952,-278.9988387,-194.5202909,-0.383283474
-255.1556198,-190.3803711,-0.336198519,-266.5793432,-194.8088612,-0.504789526,-268.0645701,-194.886604,-0.462136076,-269.5852024,-194.954005,-0.434538527,-270.9147885,-194.9397487,-0.417341021,-272.2028329,-194.8962355,-0.401674339,-273.4921133,-194.8371376,-0.389770727,-275.3110847,-194.9029898,-0.36983856,-276.5654484,-194.7962229,-0.378693759,-278.0619474,-194.7312754,-0.382112911,-279.2532721,-194.5770653,-0.383302035
-255.3849748,-190.4950777,-0.33639924,-266.8300032,-194.8977781,-0.504997864,-268.3160386,-194.9717798,-0.462230365,-269.8373845,-195.0352653,-0.434620091,-271.1673213,-195.0175624,-0.417378333,-272.4559763,-194.9707937,-0.401723729,-273.74559,-194.9083577,-0.389798978,-275.5650386,-194.9693858,-0.369876935,-276.8194958,-194.859315,-0.378731683,-278.3162983,-194.7904554,-0.382113336,-279.5078624,-194.6331506,-0.383323033
-255.6146176,-190.6091944,-0.336582789,-267.080902,-194.9860278,-0.505187907,-268.5677116,-195.0562766,-0.462311964,-270.0897789,-195.1158506,-0.434689748,-271.4200657,-195.0947001,-0.417406272,-272.709315,-195.0446702,-0.401767115,-273.9992574,-194.9788943,-0.389822834,-275.8191535,-195.0350911,-0.369913864,-277.0737109,-194.9217214,-0.37876716,-278.5698559,-194.8487035,-0.3821374,-279.7626112,-194.6885472,-0.383346729
-255.8445453,-190.7227195,-0.336749433,-267.3320366,-195.0736104,-0.505358446,-268.8195799,-195.1400902,-0.462382168,-270.3423854,-195.1957607,-0.434747726,-271.6730172,-195.1711602,-0.417425108,-272.9628456,-195.1178643,-0.401804285,-274.253115,-195.0487474,-0.389841968,-276.0734218,-195.1001031,-0.36994996,-277.3280976,-194.9834426,-0.378800641,-278.8245427,-194.9064822,-0.382167384,-280.0175189,-194.7432552,-0.383373649
-256.074754,-190.8356504,-0.336900487,-267.5834017,-195.1605251,-0.50550807,-269.0705349,-195.222845,-0.462451201,-270.5952048,-195.2749955,-0.434794378,-271.9261721,-195.2469413,-0.417435116,-273.2165656,-195.1903754,-0.401835332,-274.5071607,-195.1179172,-0.389855533,-276.3278398,-195.1644218,-0.369984712,-277.5826566,-195.0444779,-0.378832414,-279.0793838,-194.9635716,-0.382196949,-280.2725824,-194.7972724,-0.383405746
-256.3052376,-190.9479832,-0.337037388,-267.8349907,-195.2467703,-0.505635998,-269.3228028,-195.3052593,-0.462537072,-270.848237,-195.3535546,-0.434830123,-272.1795282,-195.3220431,-0.41743642,-273.4704742,-195.2622028,-0.401860572,-274.7613911,-195.1864036,-0.389862615,-276.5824095,-195.2280488,-0.370016652,-277.8373876,-195.1048261,-0.378862587,-279.3343762,-195.0199711,-0.382226531,-280.5277983,-194.8505955,-0.383446135
-256.5359911,-191.0597152,-0.337160999,-268.0867963,-195.3323427,-0.505743003,-269.5752755,-195.3869962,-0.462610134,-271.1014807,-195.4314373,-0.434855346,-272.4330828,-195.396465,-0.417429094,-273.7245714,-195.3333463,-0.401880381,-275.015802,-195.2542058,-0.389862693,-276.837139,-195.2909874,-0.37004479,-278.0922897,-195.1644865,-0.378891057,-279.5895205,-195.0756808,-0.38225682,-280.7831622,-194.9032206,-0.383498057
-256.7670125,-191.170846,-0.337271089,-268.3388127,-195.4172394,-0.505830491,-269.827961,-195.4680591,-0.462670646,-271.3549332,-195.5086427,-0.434870409,-272.6868328,-195.4702066,-0.417413093,-273.9788577,-195.4038058,-0.401894896,-275.2703895,-195.3213221,-0.389856443,-277.0920345,-195.3532396,-0.370069255,-278.3473591,-195.2234587,-0.378917142,-279.8448195,-195.130701,-0.382288789,-281.0386726,-194.9551466,-0.383562881
-256.9983033,-191.2813777,-0.337366263,-268.5910358,-195.5014578,-0.505899943,-270.0808631,-195.5484492,-0.46271909,-271.608591,-195.5851692,-0.434875616,-272.9407749,-195.5432672,-0.417388388,-274.2333327,-195.4735819,-0.401903631,-275.5251466,-195.3877497,-0.389845697,-277.3470986,-195.4148052,-0.37009079,-278.6025895,-195.2817421,-0.378939959,-280.1002747,-195.1850314,-0.382323911,-281.2943368,-195.0063823,-0.383634188
-257.2298679,-191.3913139,-0.337444937,-268.8434646,-195.5849973,-0.505952228,-270.3339827,-195.6281665,-0.462755443,-271.8624511,-195.6610158,-0.434871175,-273.194907,-195.6156459,-0.417355248,-274.4879942,-195.5426745,-0.401905768,-275.7800616,-195.4534844,-0.389831969,-277.6023301,-195.4756832,-0.370109841,-278.857975,-195.3393362,-0.378958841,-280.3558857,-195.2386706,-0.382364262,-281.5500505,-195.0569176,-0.383702652
-257.4617102,-191.5006574,-0.337506264,-269.0961015,-195.6678594,-0.505987015,-270.587319,-195.7072104,-0.462779482,-272.1154633,-195.7358427,-0.434885415,-273.4492287,-195.6873425,-0.417314147,-274.742839,-195.6110836,-0.401900435,-276.0351258,-195.5185239,-0.38981556,-277.8577252,-195.5358717,-0.370126431,-279.1135112,-195.39624,-0.37897389,-280.6116487,-195.2916162,-0.382411724,-281.805186,-195.1066164,-0.383783657
-257.6938295,-191.6094071,-0.337550881,-269.3477508,-195.7496281,-0.506031253,-270.8408701,-195.7855798,-0.462791112,-272.3697307,-195.8102948,-0.434899376,-273.7027179,-195.7580703,-0.417266562,-274.9978627,-195.678808,-0.401887548,-276.2903386,-195.5828689,-0.389795093,-278.1132806,-195.5953699,-0.37013986,-279.3691977,-195.4524531,-0.378985971,-280.8675616,-195.3438669,-0.382467341,-282.0613148,-195.1558194,-0.383845619
-257.9262201,-191.7175591,-0.337580708,-269.6008235,-195.8311066,-0.506069948,-271.0946323,-195.8632735,-0.462790467,-272.6241914,-195.8840656,-0.434903325,-273.9574284,-195.8283696,-0.417247021,-275.2530576,-195.7458449,-0.401868427,-276.5457078,-195.6465227,-0.389769465,-278.3689927,-195.6541778,-0.370149095,-279.6250374,-195.5079752,-0.378996358,-281.123626,-195.3954254,-0.382529215,-282.3176216,-195.2043736,-0.383880674
-258.1588709,-191.8251069,-0.337597801,-269.8541082,-195.9119114,-0.506090496,-271.3486017,-195.9402898,-0.462777815,-272.8788416,-195.9571541,-0.434897234,-274.212327,-195.8979866,-0.417219482,-275.5084134,-195.8121906,-0.401844432,-276.8012425,-195.7094887,-0.389738468,-278.6248594,-195.7122956,-0.37015336,-279.8810331,-195.5628064,-0.379006254,-281.3798392,-195.4462966,-0.3825927,-282.5741719,-195.2522967,-0.383893208
-258.3917716,-191.9320449,-0.337603574,-270.1076049,-195.9920423,-0.506093162,-271.6027747,-196.0166275,-0.462753504,-273.1336798,-196.0295596,-0.434881407,-274.4674106,-195.9669212,-0.417183188,-275.7639214,-195.8778417,-0.401816667,-277.0569468,-195.771768,-0.389702551,-278.880879,-195.7697237,-0.370152285,-280.1371867,-195.6169474,-0.379015982,-281.6361984,-195.4964856,-0.382653049,-282.8310221,-195.2996043,-0.383891398
-258.6249135,-192.0383699,-0.337598545,-270.3613142,-196.0714992,-0.506078312,-271.8571491,-196.092286,-0.462717725,-273.3887061,-196.1012818,-0.434856325,-274.7226753,-196.0351731,-0.417137537,-276.0185867,-195.9425315,-0.401799202,-277.3128223,-195.8333601,-0.389662196,-279.1370502,-195.8264617,-0.370146221,-280.3934957,-195.6703981,-0.379025227,-281.8927028,-195.5459989,-0.382705156,-283.0882039,-195.3463078,-0.38387596
-258.8575507,-192.1437304,-0.337595409,-270.6152361,-196.1502817,-0.506046432,-272.1117225,-196.1672649,-0.462670474,-273.6439209,-196.1723205,-0.434822449,-274.9781166,-196.1027406,-0.417083037,-276.2744053,-196.0067635,-0.401798076,-277.5688697,-195.8942643,-0.389617744,-279.3924429,-195.8823027,-0.370138708,-280.6499552,-195.7231584,-0.379033395,-282.1493556,-195.5948449,-0.382741907,-283.3457306,-195.392416,-0.383839997
-259.0912112,-192.2488346,-0.337580762,-270.8693694,-196.2283891,-0.505998022,-272.3664919,-196.2415637,-0.462611563,-273.8993247,-196.2426762,-0.434779728,-275.233727,-196.1696209,-0.417021635,-276.5303843,-196.0703058,-0.401791011,-277.8250879,-195.9544794,-0.389569409,-279.6489254,-195.9376308,-0.370156217,-280.9065587,-195.7752269,-0.379040651,-282.4061785,-195.6430368,-0.3827549,-283.6036066,-195.4379363,-0.383774524
-259.325138,-192.3533403,-0.337551321,-271.1237114,-196.3058204,-0.505933569,-272.6214545,-196.315182,-0.462540725,-274.1549156,-196.3123491,-0.434727547,-275.4894937,-196.2358094,-0.416955011,-276.7865296,-196.1331609,-0.401777841,-278.0805078,-196.0137545,-0.389542151,-279.9055629,-195.9922681,-0.370170451,-281.1633002,-195.8266005,-0.37904932,-282.6632162,-195.6905914,-0.382740995,-283.861829,-195.4828744,-0.383669348
-259.5593361,-192.4572494,-0.337506625,-271.3782584,-196.3825741,-0.505853466,-272.8766076,-196.388119,-0.462458002,-274.4106907,-196.3813389,-0.434665123,-275.7454063,-196.3013031,-0.416884121,-277.0428441,-196.195329,-0.40175911,-278.3370681,-196.0725606,-0.389517997,-280.1623537,-196.0462141,-0.370181892,-281.4201774,-195.8772761,-0.379062715,-282.9205082,-195.7375239,-0.382699988,-284.1203899,-195.5272355,-0.383514112
-259.7938078,-192.5605623,-0.337446208,-271.6330071,-196.4586493,-0.505757953,-273.1319343,-196.4603695,-0.462363624,-274.6666462,-196.4496453,-0.434591944,-276.0014602,-196.3661015,-0.416808915,-277.2993284,-196.2568093,-0.401735246,-278.5937864,-196.1306764,-0.38948774,-280.4192939,-196.0994676,-0.370190783,-281.6771897,-195.9272511,-0.379084385,-283.1780896,-195.7838472,-0.382632133,-284.3792815,-195.5710242,-0.383299483
-260.0285519,-192.6632781,-0.337369572,-271.8879545,-196.5340451,-0.50564707,-273.386368,-196.5315974,-0.462293923,-274.9227773,-196.5172664,-0.434508631,-276.2576592,-196.4302068,-0.416727999,-277.5559821,-196.317601,-0.401706509,-278.8506566,-196.1881011,-0.389450935,-280.6763794,-196.1520275,-0.370197183,-281.9333936,-195.9763234,-0.379136534,-283.4359957,-195.8295737,-0.382539546,-284.6384996,-195.6142463,-0.383018031
-260.2635661,-192.7653952,-0.337276102,-272.143097,-196.6087611,-0.505520713,-273.6420993,-196.6024532,-0.462215998,-275.1790773,-196.5841995,-0.43441694,-276.5140152,-196.4936232,-0.416640456,-277.8128047,-196.3777032,-0.401672893,-279.1076766,-196.2448338,-0.389407907,-280.9336076,-196.2038938,-0.370200679,-282.1907161,-196.0248924,-0.379193227,-283.6942498,-195.8747133,-0.382420862,-284.8980409,-195.6569065,-0.382664255
-260.4988459,-192.8669124,-0.337164947,-272.3984316,-196.6827966,-0.50537877,-273.8980199,-196.672627,-0.462126333,-275.4355349,-196.6504405,-0.434318397,-276.770538,-196.5563538,-0.416546622,-278.0697926,-196.4371157,-0.401633805,-279.3648478,-196.3008744,-0.389359459,-281.1909761,-196.2550672,-0.370200347,-282.4481885,-196.0727881,-0.37923754,-283.9528597,-195.919273,-0.382269556,-285.1579068,-195.6990091,-0.382234966
-260.7343868,-192.9678281,-0.337035427,-272.6539559,-196.7561513,-0.505221379,-274.1541274,-196.7421188,-0.462024106,-275.6921413,-196.7159869,-0.434213574,-277.0272337,-196.6183993,-0.41644725,-278.3269401,-196.495838,-0.401588412,-279.6221723,-196.3562231,-0.389306552,-281.4484829,-196.3055487,-0.370195415,-282.7058075,-196.1200208,-0.37926035,-284.2109783,-195.9630921,-0.382098187,-285.4181019,-195.7405587,-0.381728372
-260.9701851,-193.0681412,-0.336887165,-272.9096688,-196.8288245,-0.505048995,-274.4104179,-196.8109285,-0.461908494,-275.9488968,-196.7808395,-0.434101307,-277.2841048,-196.6797595,-0.416342867,-278.5842418,-196.5538695,-0.401536024,-279.8796512,-196.4108796,-0.389249984,-281.7061248,-196.3553383,-0.370185985,-282.9635729,-196.1665988,-0.379253954,-284.4703007,-196.0064817,-0.381881375,-285.6786316,-195.7815599,-0.381142538
-261.2062373,-193.1678504,-0.336720587,-273.1655704,-196.900816,-0.50486221,-274.6668858,-196.8790545,-0.461779423,-276.2058086,-196.8450014,-0.433980656,-277.5411502,-196.740433,-0.416233612,-278.8416935,-196.6112095,-0.401476591,-280.1372826,-196.4648433,-0.38919028,-281.9638973,-196.4044334,-0.370174601,-283.2215191,-196.2125351,-0.379212931,-284.7299592,-196.0493048,-0.381602887,-285.9395013,-195.8220194,-0.380473351
-261.4425389,-193.2669527,-0.336537779,-273.4204484,-196.9717533,-0.504695073,-274.9235223,-196.9464936,-0.461638496,-276.4618287,-196.9081806,-0.433884986,-277.7983668,-196.8004191,-0.416118904,-279.0992946,-196.6678575,-0.40141068,-280.3950622,-196.5181129,-0.389127657,-282.2217971,-196.4528299,-0.370165785,-283.479714,-196.2578477,-0.379142418,-284.9899456,-196.0915663,-0.38125395,-286.2007138,-195.8619444,-0.379715148
-261.6790815,-193.3654438,-0.336340935,-273.6767384,-197.042346,-0.504520537,-275.1803134,-197.0132413,-0.461487314,-276.7190812,-196.9709352,-0.433784847,-278.055749,-196.8597169,-0.415997741,-279.3570472,-196.7238136,-0.401339211,-280.6529857,-196.5706876,-0.389062079,-282.4798182,-196.5005235,-0.370163937,-283.7382149,-196.3025524,-0.379051631,-285.2502558,-196.1332718,-0.380827268,-286.4622701,-195.9013425,-0.378862326
-261.9158582,-193.46332,-0.336131597,-273.9332154,-197.1122571,-0.504331511,-275.4372473,-197.0792938,-0.461327093,-276.9765026,-197.033003,-0.433676907,-278.3122623,-196.9180812,-0.415879604,-279.6149534,-196.7790776,-0.401263143,-280.9110504,-196.6225675,-0.388993053,-282.7379625,-196.5475148,-0.37016961,-283.9970534,-196.3466599,-0.378942712,-285.5108906,-196.1744278,-0.380317545,-286.7241701,-195.9402204,-0.377909803
-262.1528668,-193.5605801,-0.335910525,-274.1898757,-197.1814864,-0.504127315,-275.6943202,-197.1446502,-0.461158283,-277.2340935,-197.0943831,-0.43356156,-278.5699628,-196.9759677,-0.415779031,-279.873014,-196.8336497,-0.401183019,-281.1692542,-196.6737531,-0.388919883,-282.9962364,-196.5938125,-0.370176163,-284.2562418,-196.3901771,-0.378809976,-285.7718527,-196.2150404,-0.379721012,-286.9856767,-195.978448,-0.376881607
-262.3901091,-193.657226,-0.3356768,-274.4467146,-197.250033,-0.503907538,-275.9515368,-197.2093129,-0.460979631,-277.4918533,-197.1550747,-0.433439016,-278.827811,-197.0331634,-0.41567071,-280.1312271,-196.8875292,-0.401099056,-281.4275959,-196.7242454,-0.388842077,-283.2546422,-196.6394277,-0.370174428,-284.5157811,-196.4331095,-0.378644304,-286.0331467,-196.255115,-0.379035308,-287.248273,-196.0162728,-0.375751413
-262.6275914,-193.7532615,-0.335429121,-274.7037279,-197.3178955,-0.503672933,-276.2089099,-197.2732865,-0.460790184,-277.7497805,-197.2150773,-0.433308875,-279.0858074,-197.089668,-0.415555408,-280.389588,-196.9407152,-0.401011241,-281.686073,-196.7740442,-0.388760122,-283.5131829,-196.6843714,-0.370155742,-284.7756665,-196.4754624,-0.378434099,-286.2947784,-196.2946571,-0.378258695,-287.5112142,-196.0535916,-0.374515878
-262.8653187,-193.8486896,-0.335166659,-274.9609088,-197.3850709,-0.50342541,-276.4664507,-197.3365746,-0.460589954,-278.0078703,-197.2743906,-0.433170333,-279.3439549,-197.1454815,-0.415434043,-280.6470899,-196.9929981,-0.400924917,-281.9446821,-196.823147,-0.388676668,-283.77186,-196.7286522,-0.370112668,-285.035889,-196.5172423,-0.378166841,-286.5567526,-196.3336718,-0.377389154,-287.7745047,-196.09041,-0.373174322
-263.1032923,-193.9435113,-0.334888827,-275.2182466,-197.4515556,-0.503166581,-276.7241632,-197.3991781,-0.460379451,-278.2661163,-197.3330139,-0.433022556,-279.602256,-197.2006042,-0.415307419,-280.9057411,-197.0447631,-0.400864688,-282.2034214,-196.8715508,-0.38859533,-284.0307042,-196.7722815,-0.370040007,-285.2964407,-196.5584565,-0.377831518,-286.8190719,-196.3721642,-0.376423837,-288.0381482,-196.1267346,-0.371725556
-263.3415127,-194.0377267,-0.334595036,-275.4757332,-197.517347,-0.502897079,-276.9820482,-197.4610962,-0.460158872,-278.5245126,-197.3909464,-0.432864979,-279.8607115,-197.255036,-0.415175852,-281.16453,-197.0958331,-0.40080093,-282.4622889,-196.9192525,-0.388519729,-284.2897785,-196.8152751,-0.369942023,-285.5573158,-196.599112,-0.377419015,-287.0817374,-196.4101395,-0.375359607,-288.3021484,-196.1625719,-0.370168782
-263.5799808,-194.1313357,-0.334284921,-275.733369,-197.582446,-0.502615943,-277.2401044,-197.5223276,-0.45992823,-278.7830551,-197.4481871,-0.432697734,-280.1193189,-197.3087763,-0.415039338,-281.4234555,-197.146208,-0.400734184,-282.7212868,-196.9662534,-0.388450107,-284.5491366,-196.8576466,-0.369826372,-285.8185081,-196.6392135,-0.376923886,-287.3447505,-196.447603,-0.374193891,-288.5665076,-196.197928,-0.368503363
-263.8186966,-194.2243382,-0.333958533,-275.9911613,-197.6468558,-0.502322371,-277.4972041,-197.5825878,-0.459706701,-279.0417437,-197.5047356,-0.432521324,-280.3780736,-197.3618242,-0.414897613,-281.6825169,-197.1958882,-0.400664932,-282.9794582,-197.0123632,-0.388406661,-284.8079625,-196.8992431,-0.369720823,-286.0800183,-196.6787645,-0.37634386,-287.6081122,-196.4845599,-0.37292438,-288.8312261,-196.2328085,-0.366729022
-264.0576588,-194.316733,-0.333616334,-276.2491186,-197.7105795,-0.502016306,-277.7556043,-197.6424089,-0.459493782,-279.3005808,-197.5605919,-0.43233646,-280.6369715,-197.4141788,-0.414750247,-281.9417146,-197.2448742,-0.400593345,-283.23874,-197.0579569,-0.388364526,-285.0679822,-196.9403785,-0.36959113,-286.3418519,-196.717769,-0.375678266,-287.8718231,-196.521016,-0.371548676,-289.0963049,-196.2672185,-0.364846144
-264.2968647,-194.4085185,-0.333259148,-276.5072447,-197.7736185,-0.501698118,-278.014164,-197.7015412,-0.459269219,-279.5595684,-197.6157563,-0.432143803,-280.8960088,-197.4658399,-0.414596809,-282.2010495,-197.293167,-0.400519726,-283.4981533,-197.102873,-0.388309497,-285.3283367,-196.9809229,-0.369425458,-286.6040159,-196.7562319,-0.374925879,-288.1358841,-196.556977,-0.370064783,-289.3617458,-196.301163,-0.362855847
-264.5363109,-194.4996927,-0.332887884,-276.7655404,-197.8359722,-0.501368363,-278.2728774,-197.759984,-0.459032375,-279.8187064,-197.6702285,-0.431943672,-281.1551832,-197.5168073,-0.414437078,-282.4605253,-197.3407687,-0.400443738,-283.7577003,-197.1471202,-0.388234254,-285.5890222,-197.0208831,-0.369213584,-286.8657703,-196.7940341,-0.374100751,-288.4002973,-196.5924492,-0.368471557,-289.6275505,-196.3346475,-0.36075941
-264.7759943,-194.590254,-0.332503379,-277.0240059,-197.8976399,-0.501027535,-278.5317403,-197.8177368,-0.458783126,-280.0779914,-197.7240076,-0.431735967,-281.4144931,-197.5670812,-0.4142711,-282.720149,-197.3876858,-0.400361225,-284.0174074,-197.1907116,-0.388130746,-285.8500314,-197.0602636,-0.368946459,-287.1286299,-196.8314106,-0.373190085,-288.6644022,-196.6273273,-0.366791822,-289.8937209,-196.3676774,-0.358558288
-265.0159134,-194.6802018,-0.332106049,-277.2826401,-197.9586203,-0.500676074,-278.7907525,-197.8747993,-0.458522029,-280.3374192,-197.7770928,-0.431520383,-281.6739371,-197.6166614,-0.41409935,-282.9799281,-197.4339282,-0.400264082,-284.2773283,-197.2336644,-0.387997909,-286.1113582,-197.0990687,-0.36861642,-287.3918287,-196.8682695,-0.37217536,-288.9295404,-196.6618103,-0.365010713,-290.1602593,-196.4002583,-0.356254411
-265.2560651,-194.7695356,-0.331696183,-277.5402253,-198.0185928,-0.500349817,-279.0499161,-197.9311714,-0.458249917,-280.5967927,-197.8294445,-0.431296411,-281.9335133,-197.6655474,-0.413922674,-283.2398782,-197.4795078,-0.400145323,-284.5375079,-197.2759938,-0.387838203,-286.3730001,-197.1373034,-0.368217492,-287.6553631,-196.9046162,-0.371052461,-289.195038,-196.695821,-0.363121276,-290.4271671,-196.4323958,-0.353849755
-265.4964455,-194.8582547,-0.331273955,-277.7992001,-198.0781626,-0.500015729,-279.3092333,-197.9868531,-0.457967602,-280.8556285,-197.880933,-0.431098493,-282.1932186,-197.7137387,-0.413741908,-283.5000118,-197.5244351,-0.399999348,-284.7979702,-197.3177097,-0.387650513,-286.6349583,-197.1749735,-0.367744071,-287.9192336,-196.9404543,-0.369820554,-289.460898,-196.7293648,-0.361124726,-290.6938735,-196.4640214,-0.35135223
-265.7370505,-194.9463581,-0.330839517,-278.0583318,-198.1370437,-0.499669386,-279.5687049,-198.0418443,-0.457675539,-281.115476,-197.9319017,-0.430893558,-282.4530496,-197.7612341,-0.413558052,-283.7603361,-197.5687183,-0.399820852,-285.0587319,-197.3588202,-0.387430826,-286.8972353,-197.2120862,-0.367190593,-288.1834426,-196.9757869,-0.36848009,-289.7271214,-196.7624469,-0.35902198,-290.9615366,-196.4952591,-0.348783546
-265.9778771,-195.0338444,-0.33039365,-278.317614,-198.1952355,-0.499310276,-279.8283284,-198.0961444,-0.457373806,-281.3754559,-197.9821765,-0.430678926,-282.7130025,-197.8080319,-0.41337319,-284.0208792,-197.6123682,-0.399606653,-285.3198093,-197.3993331,-0.387176057,-287.1598355,-197.2486489,-0.366552151,-288.4479947,-197.0106179,-0.367031934,-289.9937091,-196.7950726,-0.356814037,-291.229571,-196.5260697,-0.346120632
-266.2189241,-195.1207126,-0.329937504,-278.5770431,-198.2527369,-0.498938607,-280.0880991,-198.1497522,-0.457062181,-281.6355665,-198.0317566,-0.430455284,-282.9720384,-197.8539268,-0.413208882,-284.2816934,-197.6553991,-0.399361831,-285.5812137,-197.4392557,-0.386881774,-287.422762,-197.2846686,-0.365823987,-288.712895,-197.0449524,-0.365476126,-290.2606623,-196.8272475,-0.354502444,-291.4979763,-196.5564579,-0.343366974
-266.4601915,-195.206962,-0.329472269,-278.8366191,-198.3095477,-0.498554977,-280.3480123,-198.2026668,-0.45674029,-281.8958068,-198.080641,-0.430223865,-283.2322393,-197.8992903,-0.413066608,-284.5428241,-197.6978239,-0.399092883,-285.8429498,-197.4785942,-0.386541717,-287.6860145,-197.3201509,-0.365001971,-288.9781468,-197.0787964,-0.363812054,-290.5279817,-196.8589768,-0.352088935,-291.7667542,-196.586427,-0.340527807
-266.7016792,-195.2925921,-0.328998895,-279.0963446,-198.3656679,-0.4981602,-280.608065,-198.254888,-0.456407583,-282.1561763,-198.1288289,-0.429985935,-283.4925735,-197.9439552,-0.412929438,-284.8042982,-197.7396524,-0.398800349,-286.1050174,-197.5173545,-0.386148799,-287.9495922,-197.3551001,-0.364082468,-289.2437533,-197.1121559,-0.362039472,-290.7956688,-196.8902659,-0.349575601,-292.0359076,-196.6159801,-0.337609255
-266.9433875,-195.3776036,-0.328517344,-279.3562222,-198.4210977,-0.497755072,-280.868255,-198.306416,-0.456063581,-282.4166752,-198.1763196,-0.429742423,-283.7530428,-197.987929,-0.412791238,-285.0661254,-197.7808917,-0.398478279,-286.3674127,-197.5555419,-0.38569527,-288.2134934,-197.3895208,-0.363061967,-289.5097165,-197.1450365,-0.360158264,-291.0637255,-196.9211202,-0.346965129,-292.3054397,-196.6451205,-0.334617149
-267.1853146,-195.4619966,-0.328027135,-279.6162518,-198.475837,-0.497340046,-281.1285808,-198.357251,-0.455708003,-282.6773032,-198.2231137,-0.429493368,-284.0136466,-198.0312204,-0.41264459,-285.3274285,-197.8213986,-0.398128717,-286.6301308,-197.5931618,-0.385172866,-288.477716,-197.4234177,-0.361936708,-289.776038,-197.1774438,-0.358168778,-291.3321536,-196.951545,-0.344260455,-292.5753547,-196.6738533,-0.33155547
-267.4274581,-195.5457714,-0.327527721,-279.8764296,-198.5298847,-0.496915094,-281.3890405,-198.4073931,-0.455341044,-282.9380579,-198.2692118,-0.429238452,-284.2743834,-198.073838,-0.412482257,-285.5899594,-197.861443,-0.397748573,-286.893168,-197.6302203,-0.384573863,-288.7422586,-197.4567973,-0.360701927,-290.0427199,-197.2093831,-0.356072004,-291.6009525,-196.9815443,-0.341465652,-292.845653,-196.702185,-0.328426226
-267.6698152,-195.6289277,-0.327018864,-280.136751,-198.58324,-0.496479973,-281.6485036,-198.4566268,-0.454964454,-283.1989366,-198.3146141,-0.428977461,-284.5352544,-198.1157904,-0.41229653,-285.8528154,-197.9009115,-0.397304215,-287.1565239,-197.6667238,-0.383891886,-289.0064434,-197.4895787,-0.359356891,-290.3097636,-197.2408596,-0.353869103,-291.870123,-197.0111208,-0.338585982,-293.1163338,-196.7301223,-0.325230987
-267.9123821,-195.7114635,-0.326501773,-280.3972128,-198.6359022,-0.496034282,-281.9092264,-198.5053438,-0.454617338,-283.459935,-198.3593199,-0.428711105,-284.7962891,-198.1570906,-0.412080105,-286.1159877,-197.939809,-0.396786514,-287.4194196,-197.7025649,-0.383129205,-289.2716331,-197.5219153,-0.357921994,-290.5765745,-197.271808,-0.351562791,-292.1391509,-197.040203,-0.335645875,-293.3873946,-196.7576711,-0.321972111
-268.1551528,-195.7933758,-0.325979112,-280.6578125,-198.6878715,-0.495577548,-282.1700728,-198.5533635,-0.454262958,-283.7210507,-198.4033276,-0.428441403,-285.0575475,-198.1977559,-0.411834196,-286.3794711,-197.978141,-0.39618859,-287.6834281,-197.7379468,-0.382299836,-289.5371319,-197.5537543,-0.356366726,-290.8443564,-197.3023428,-0.349185576,-292.4090865,-197.068913,-0.332646143,-293.6588314,-196.7848346,-0.318654366
-268.3973461,-195.8743938,-0.325461692,-280.9185481,-198.7391482,-0.495109436,-282.431042,-198.6006857,-0.453902012,-283.9822842,-198.4466356,-0.428171001,-285.3190803,-198.2378012,-0.411563665,-286.6432643,-198.0159122,-0.395505967,-287.9477565,-197.7727902,-0.381374796,-289.8029385,-197.5851,-0.354691632,-291.1125018,-197.3324291,-0.346708351,-292.6794019,-197.0972132,-0.329574891,-293.930205,-196.8115601,-0.315295727
-268.6405019,-195.9550345,-0.324951103,-281.1794184,-198.7897324,-0.494629815,-282.6921338,-198.6473113,-0.453534137,-284.2436365,-198.4892428,-0.427902478,-285.5809142,-198.277237,-0.411268452,-286.9073703,-198.0531276,-0.394735979,-288.212406,-197.8071001,-0.380351228,-290.0690523,-197.6159566,-0.352897964,-291.381012,-197.3620718,-0.344134031,-292.9500971,-197.1251105,-0.32643389,-294.2024031,-196.83793,-0.311910348
-268.8838446,-196.035045,-0.324438768,-281.4400456,-198.839552,-0.494139314,-282.9533491,-198.6932416,-0.453159109,-284.5051126,-198.5311516,-0.427635404,-285.8430635,-198.3160706,-0.410943688,-287.1717947,-198.0897923,-0.393876848,-288.4773787,-197.8408819,-0.379225699,-290.3354737,-197.6463286,-0.350987106,-291.6498876,-197.3912756,-0.341465265,-293.2211713,-197.1526111,-0.32322521,-294.4749776,-196.8639246,-0.308481947
-269.1273825,-196.1144291,-0.323923399,-281.7003421,-198.888555,-0.493676273,-283.2146876,-198.7384775,-0.452777228,-284.7667132,-198.5723666,-0.42736658,-286.1055366,-198.3543085,-0.410583522,-287.4365431,-198.1259119,-0.392926356,-288.7426738,-197.8741427,-0.377993424,-290.6022034,-197.676222,-0.348959678,-291.9191294,-197.420046,-0.338704825,-293.4926213,-197.1797197,-0.319952677,-294.7479283,-196.8895503,-0.305012785
-269.3711244,-196.1931903,-0.323404728,-281.9616112,-198.9370211,-0.493207721,-283.4761463,-198.7830177,-0.452390255,-285.0282332,-198.61286,-0.427093397,-286.3683363,-198.3919565,-0.410180582,-287.7016187,-198.1614923,-0.391881169,-289.0082889,-197.9068892,-0.376649531,-290.8692405,-197.7056433,-0.346815774,-292.188739,-197.448388,-0.335855971,-293.7644465,-197.2064389,-0.316622071,-295.0212546,-196.9148135,-0.30150488
-269.6150743,-196.2713306,-0.322882643,-282.2230099,-198.9847915,-0.492732172,-283.7377252,-198.8268599,-0.452001305,-285.2892432,-198.6525406,-0.426844414,-286.6314594,-198.4290202,-0.40972593,-287.9670219,-198.1965391,-0.390737305,-289.2742203,-197.9391282,-0.375189856,-291.1365838,-197.7345991,-0.344555796,-292.458718,-197.4763071,-0.33292208,-294.0366464,-197.2327713,-0.313239441,-295.294955,-196.9397201,-0.29796071
-269.8592332,-196.3488501,-0.32235699,-282.4845377,-199.0318662,-0.492249843,-283.9994244,-198.8700019,-0.451613742,-285.5512211,-198.6916745,-0.426580878,-286.8949005,-198.4655054,-0.40921057,-288.2327506,-198.2310578,-0.389490571,-289.5404627,-197.9708647,-0.373612257,-291.4042314,-197.7630957,-0.34218088,-292.7290686,-197.5038085,-0.329906715,-294.3092215,-197.2587202,-0.309810148,-295.5690278,-196.9642744,-0.294384193
-270.1036009,-196.4257482,-0.321827569,-282.7461925,-199.078246,-0.49176051,-284.2612486,-198.9124437,-0.45122944,-285.8133401,-198.7301445,-0.426292429,-287.1586555,-198.5014179,-0.408626649,-288.4988007,-198.2650533,-0.388137303,-289.8070133,-198.0021025,-0.371916741,-291.6721816,-197.7911385,-0.339693254,-292.9997937,-197.5308978,-0.326813772,-294.5821733,-197.2842909,-0.306337473,-295.843473,-196.9884799,-0.290779901
-270.3481757,-196.5020242,-0.321294328,-283.0079721,-199.1239312,-0.491264059,-284.5232047,-198.9541907,-0.450845447,-286.075641,-198.7679653,-0.425975476,-287.421869,-198.5366288,-0.407987976,-288.7651681,-198.2985297,-0.386674757,-290.0738706,-198.0328454,-0.370104189,-291.9404335,-197.8187327,-0.337095748,-293.2708957,-197.5575804,-0.323647033,-294.8555011,-197.3094897,-0.3028236,-296.1182904,-197.01234,-0.287152168
-270.5929551,-196.5776768,-0.320757426,-283.2698722,-199.1689214,-0.490761054,-284.7852901,-198.9952498,-0.450455946,-286.3381615,-198.8051505,-0.425628761,-287.6862588,-198.5713803,-0.407284429,-289.0318491,-198.3314915,-0.385101032,-290.3410344,-198.063098,-0.368175506,-292.2089862,-197.8458836,-0.334391551,-293.5423759,-197.583862,-0.320409774,-295.1288164,-197.3342667,-0.299291604,-296.3934804,-197.0358591,-0.283504503
-270.8379359,-196.6527048,-0.320217286,-283.5318906,-199.2132152,-0.490253394,-285.0475005,-199.0356277,-0.450054927,-286.6009385,-198.841713,-0.425251401,-287.9509626,-198.6055746,-0.406498347,-289.2981326,-198.3638321,-0.383440054,-290.6085066,-198.092867,-0.366130153,-292.4778376,-197.8725951,-0.331585326,-293.8137845,-197.6096973,-0.317112872,-295.4029053,-197.358709,-0.295734542,-296.668712,-197.0590042,-0.2798494
-271.0831144,-196.7271067,-0.319674453,-283.7940279,-199.2568111,-0.489743716,-285.3098341,-199.0753315,-0.4496362,-286.8640108,-198.8776654,-0.424845186,-288.215985,-198.6392169,-0.40562682,-289.5654499,-198.3957465,-0.381676514,-290.8762866,-198.1221599,-0.363967067,-292.7464705,-197.8987964,-0.328706253,-294.0860347,-197.6351628,-0.31377609,-295.6773659,-197.382795,-0.292145242,-296.9446585,-197.0818257,-0.276200651
-271.3284879,-196.8008815,-0.319129491,-284.0562851,-199.2997078,-0.489234658,-285.5723136,-199.1143709,-0.449194114,-287.1274053,-198.9130185,-0.424408932,-288.4813296,-198.6723133,-0.40466585,-289.8330761,-198.4271613,-0.379799671,-291.1437629,-198.1509099,-0.361694156,-293.0159283,-197.9246065,-0.325747231,-294.3586585,-197.6602434,-0.310377655,-295.9521982,-197.4065284,-0.288528089,-297.2209746,-197.1043211,-0.272538733
-271.5740549,-196.8740287,-0.318582861,-284.3186673,-199.341907,-0.488726602,-285.8349898,-199.1527592,-0.448729608,-287.3911321,-198.9477803,-0.423936263,-288.7469965,-198.7048701,-0.403610308,-290.1010107,-198.458082,-0.377809921,-291.4121649,-198.17924,-0.359328923,-293.2856869,-197.9499866,-0.322704512,-294.631654,-197.6849422,-0.306923108,-296.2274021,-197.429913,-0.284887176,-297.4976595,-197.1264931,-0.268867548
-271.8198129,-196.9465478,-0.318034886,-284.5811759,-199.3834128,-0.488216973,-286.0968685,-199.1903379,-0.448267898,-287.6551903,-198.9819567,-0.423417782,-289.0129845,-198.7368936,-0.402454977,-290.3692524,-198.4885133,-0.375708247,-291.6808658,-198.2071088,-0.356851715,-293.5557478,-197.9749439,-0.319580588,-294.9050205,-197.7092616,-0.303418367,-296.5029776,-197.4529527,-0.281226131,-297.774713,-197.1483443,-0.26519139
-272.0657591,-197.0184382,-0.317485725,-284.8438072,-199.4242295,-0.487702338,-286.3600731,-199.2274268,-0.447801389,-287.9195736,-199.015553,-0.422843552,-289.279291,-198.76839,-0.401194854,-290.6378006,-198.51846,-0.373496401,-291.949865,-198.2345182,-0.354268674,-293.82611,-197.999487,-0.316376551,-295.178758,-197.7332047,-0.299868967,-296.7789244,-197.4756517,-0.277548221,-298.0521355,-197.1698775,-0.261514099
-272.3118903,-197.0896993,-0.316935396,-285.106558,-199.4643615,-0.48717914,-286.623565,-199.2638985,-0.447307644,-288.1842731,-199.048574,-0.422203871,-289.5459126,-198.799365,-0.399825565,-290.9066545,-198.5479265,-0.371176537,-292.2191649,-198.2614707,-0.35158551,-294.0967723,-198.023624,-0.313093768,-295.4528683,-197.7567769,-0.296278615,-297.0552421,-197.4980143,-0.273856451,-298.3299295,-197.1910982,-0.257836939
-272.5582042,-197.1603305,-0.316384049,-285.3694319,-199.5038165,-0.486641265,-286.887362,-199.299764,-0.446781027,-288.44928,-199.0810247,-0.421490191,-289.8128463,-198.8298243,-0.398343487,-291.1758135,-198.5769172,-0.368751043,-292.4887689,-198.2879723,-0.348805098,-294.3677301,-198.0473609,-0.309735891,-295.7273512,-197.7799844,-0.292649416,-297.3319308,-197.5200451,-0.270153189,-298.6080953,-197.2120143,-0.25415841
-272.8046998,-197.2303312,-0.315831993,-285.6314983,-199.5424662,-0.486080572,-287.1514736,-199.3350324,-0.446215307,-288.7145897,-199.1129104,-0.420695703,-290.0800895,-198.8597737,-0.396745726,-291.4452768,-198.605437,-0.366222369,-292.7586765,-198.3140312,-0.345927908,-294.6389815,-198.0707005,-0.30630974,-296.0022064,-197.8028342,-0.288983187,-297.6086881,-197.5417204,-0.266445371,-298.886632,-197.2326342,-0.250476319
-273.0513776,-197.2997012,-0.315279612,-285.8945327,-199.5805472,-0.485529637,-287.4158994,-199.3697093,-0.44560444,-288.9802031,-199.1442371,-0.419815589,-290.3476402,-198.8892193,-0.395030124,-291.7150438,-198.6334908,-0.363593035,-293.0288864,-198.3396557,-0.342954446,-294.9105266,-198.093645,-0.302822925,-296.2774328,-197.825332,-0.28528243,-297.8861297,-197.563073,-0.26275531,-299.1652947,-197.2529355,-0.246801067
-273.2982378,-197.3684404,-0.314727251,-286.1579741,-199.6180196,-0.48494993,-287.6806382,-199.4037978,-0.444943281,-289.2452828,-199.1749037,-0.418856128,-290.6154967,-198.9181668,-0.393195226,-291.9851135,-198.6610836,-0.360865789,-293.299396,-198.364853,-0.339886467,-295.1823659,-198.1161972,-0.299282616,-296.5526837,-197.847448,-0.281557352,-298.1639409,-197.5841105,-0.259057048,-299.4445795,-197.2729569,-0.243136421
-273.5452803,-197.4365486,-0.314174813,-286.421651,-199.654865,-0.484338367,-287.9456874,-199.4373011,-0.444226988,-289.5115301,-199.205099,-0.417828982,-290.8836582,-198.9466224,-0.391240129,-292.2554851,-198.6882205,-0.358043603,-293.5702024,-198.389628,-0.33672816,-295.4545018,-198.1383621,-0.295693694,-296.8286593,-197.8692214,-0.277833389,-298.4421213,-197.6048384,-0.255351324,-299.724231,-197.2927029,-0.239464833
-273.7925032,-197.5040261,-0.313621788,-286.6855844,-199.6910916,-0.483692047,-288.2110466,-199.4702234,-0.443449889,-289.7780902,-199.2347548,-0.416703945,-291.1514465,-198.9744953,-0.389190623,-292.5255924,-198.7148352,-0.355145484,-293.8413052,-198.4139848,-0.333484819,-295.7265463,-198.1601068,-0.292067602,-297.1050043,-197.8906536,-0.274087809,-298.7206705,-197.6252626,-0.251638635,-300.0042477,-197.3121791,-0.235786514
-274.0399035,-197.5708725,-0.313067558,-286.949804,-199.7267088,-0.483011884,-288.476716,-199.5025717,-0.442604112,-290.0449643,-199.2638774,-0.41547696,-291.4202281,-199.0019519,-0.387030106,-292.7965818,-198.7410435,-0.352177906,-294.1127041,-198.4379277,-0.330161846,-295.9992893,-198.1814867,-0.288422062,-297.3817192,-197.9117494,-0.270323699,-298.9995878,-197.6453887,-0.247919301,-300.2846273,-197.3313887,-0.232103588
-274.2874781,-197.6370876,-0.312511674,-287.2143359,-199.7617255,-0.482297862,-288.7426941,-199.5343541,-0.441681232,-290.3121514,-199.2924726,-0.414144103,-291.6893098,-199.028932,-0.384751814,-293.0678716,-198.7668125,-0.349124523,-294.3839313,-198.4614066,-0.326778652,-296.2723272,-198.2024986,-0.284736666,-297.6588034,-197.9325138,-0.266543142,-299.2788723,-197.6652224,-0.244193747,-300.5653695,-197.3503334,-0.228420074
-274.5352231,-197.7026698,-0.31195471,-287.4791942,-199.7961498,-0.481546119,-289.0089817,-199.5655793,-0.440673907,-290.5796497,-199.3205456,-0.412701883,-291.9586912,-199.05544,-0.382358349,-293.3394608,-198.7921472,-0.345989023,-294.6559392,-198.4845072,-0.323342222,-296.5456596,-198.2231482,-0.281014923,-297.9362565,-197.9529522,-0.262747957,-299.5585235,-197.6847686,-0.240462561,-300.846474,-197.3690146,-0.224740113
-274.7831307,-197.7676164,-0.311399152,-287.7443833,-199.8299884,-0.480749756,-289.275579,-199.5962546,-0.439576253,-290.8474564,-199.3481017,-0.411147164,-292.2283725,-199.0814806,-0.379852303,-293.611349,-198.8170529,-0.342775482,-294.9282436,-198.5072116,-0.319837818,-296.819286,-198.2434408,-0.277260227,-298.2140782,-197.9730703,-0.258939484,-299.8385408,-197.7040327,-0.23672625,-301.1279407,-197.3874336,-0.22106774
-275.031188,-197.831923,-0.310848047,-288.0098994,-199.8632472,-0.479899759,-289.5424862,-199.6263862,-0.438384284,-291.1155686,-199.3751461,-0.409477309,-292.4983538,-199.1070595,-0.377235645,-293.8835359,-198.8415343,-0.339488086,-295.2008426,-198.5295252,-0.316269611,-297.0932062,-198.2633819,-0.273475725,-298.4922683,-197.9928741,-0.255118395,-300.1187027,-197.7229841,-0.233005854,-301.4095762,-197.4055688,-0.217417523
-275.2793837,-197.8955859,-0.310303673,-288.2757343,-199.8959314,-0.47898641,-289.8088556,-199.6558851,-0.437095374,-291.3839835,-199.4016842,-0.407690254,-292.7686342,-199.1321826,-0.374510162,-294.1560211,-198.8655965,-0.33613099,-295.4737347,-198.5514518,-0.312643304,-297.3674196,-198.282977,-0.269664325,-298.7708263,-198.01237,-0.251285043,-300.3994565,-197.7416672,-0.22929302,-301.6917735,-197.4234393,-0.213800977
-275.5277141,-197.9586048,-0.309767257,-288.5418804,-199.9280461,-0.478000976,-290.0764048,-199.6849122,-0.43574256,-291.6526991,-199.4277217,-0.405784578,-293.0392126,-199.156856,-0.371678003,-294.4288046,-198.8892451,-0.332708079,-295.74692,-198.5729947,-0.308965298,-297.641926,-198.3022315,-0.265828689,-299.0494964,-198.031538,-0.247448412,-300.6805731,-197.760078,-0.225581606,-301.9743332,-197.4410525,-0.21020297
-275.7761846,-198.020982,-0.30923758,-288.8083345,-199.9595971,-0.476936626,-290.3442668,-199.7134124,-0.43428568,-291.9217139,-199.4532644,-0.403759588,-293.3100855,-199.1810839,-0.368743076,-294.7018861,-198.9124856,-0.329223009,-296.0203984,-198.5941572,-0.305241772,-297.9167248,-198.321151,-0.261971226,-299.3287971,-198.0504059,-0.243622813,-300.9620522,-197.7782185,-0.221874984,-302.2572567,-197.4584123,-0.206624721
-276.0248081,-198.0827218,-0.308711841,-289.0750961,-199.9905904,-0.475787866,-290.6124399,-199.7413909,-0.43272167,-292.1910272,-199.4783181,-0.401615044,-293.581251,-199.2048689,-0.365711565,-294.975265,-198.9353235,-0.325679347,-296.2941716,-198.6149438,-0.301477619,-298.1918151,-198.3397405,-0.258094507,-299.6084625,-198.0689818,-0.23978811,-301.2438929,-197.7960898,-0.218177104,-302.5405437,-197.4755248,-0.203065141
-276.2735953,-198.1438277,-0.308188464,-289.342164,-200.0210308,-0.474550915,-290.8809211,-199.7688529,-0.431047774,-292.4606392,-199.5028897,-0.399350626,-293.852709,-199.2282128,-0.362590431,-295.2489404,-198.9577641,-0.32208101,-296.5682401,-198.6353606,-0.297675975,-298.4669104,-198.357981,-0.254205939,-299.8884922,-198.0872694,-0.235946391,-301.5260949,-197.8136927,-0.214492601,-302.8241934,-197.4923963,-0.199522799
-276.5225498,-198.2043002,-0.307666973,-289.6086033,-200.0507985,-0.473242851,-291.149708,-199.7958036,-0.429261604,-292.7298842,-199.5269141,-0.396978728,-294.1239082,-199.2510713,-0.359386856,-295.5224771,-198.979751,-0.318458352,-296.8426035,-198.6554139,-0.293839341,-298.742591,-198.375894,-0.250330181,-300.1688851,-198.1052722,-0.232100175,-301.8086582,-197.8310275,-0.210826141,-303.1082049,-197.5090327,-0.195996584
-276.7716712,-198.2641383,-0.307146801,-289.8763039,-200.0801114,-0.471860853,-291.4187985,-199.8222492,-0.427360914,-293.0001086,-199.5505094,-0.394509586,-294.3959743,-199.2735116,-0.356138557,-295.7967547,-199.0013765,-0.314799422,-297.1169043,-198.6750827,-0.289971938,-299.0185623,-198.3934892,-0.246444646,-300.4496404,-198.1229926,-0.228252941,-302.0915831,-197.8480955,-0.20718153,-303.3925768,-197.5254385,-0.19248665
-277.0209579,-198.3233408,-0.306627401,-290.1443178,-200.1088849,-0.470384014,-291.6881905,-199.8481958,-0.425343858,-293.2706261,-199.5736423,-0.391921569,-294.6683386,-199.2955286,-0.352811303,-296.0713267,-199.0226167,-0.311100266,-297.3918667,-198.6943969,-0.286104522,-299.2948257,-198.4107729,-0.242550175,-300.730758,-198.1404324,-0.224408414,-302.374697,-197.8648639,-0.203586263,-303.6771674,-197.5415842,-0.189019095
-277.2704077,-198.3819065,-0.3061084,-290.4126455,-200.1371244,-0.468809282,-291.9578825,-199.87365,-0.423209245,-293.5414357,-199.5963168,-0.389218569,-294.9409999,-199.3171308,-0.349406295,-296.346193,-199.0434756,-0.307365483,-297.6671208,-198.7133642,-0.282210768,-299.5713805,-198.427753,-0.238645523,-301.0122378,-198.1575938,-0.220570225,-302.6583585,-197.8813877,-0.200011672,-303.9622654,-197.5575155,-0.185569712
-277.5200186,-198.4398351,-0.305589034,-290.6812855,-200.1648353,-0.467133284,-292.2278718,-199.8986171,-0.420957205,-293.8125368,-199.6185365,-0.386405053,-295.2139534,-199.3383245,-0.345926295,-296.6213532,-199.0639571,-0.30359939,-297.9426666,-198.7319892,-0.278294024,-299.848226,-198.4444377,-0.234729118,-301.2938769,-198.1744597,-0.216748857,-302.9423821,-197.8976643,-0.196453989,-304.2477225,-197.5732293,-0.182137565
-277.7697866,-198.4971262,-0.305068784,-290.9502352,-200.1920232,-0.465352856,-292.4981566,-199.9231017,-0.418589641,-294.0839302,-199.6403056,-0.383485363,-295.4871972,-199.3591133,-0.342377494,-296.8968072,-199.0840655,-0.299806078,-298.2185045,-198.7502772,-0.274356935,-300.1253592,-198.4608331,-0.230800859,-301.5760873,-198.1910403,-0.212964417,-303.2267652,-197.9136979,-0.192913442,-304.5335384,-197.5887304,-0.178722626
-278.0197059,-198.5537792,-0.304547247,-291.219492,-200.2186936,-0.4634651,-292.7687366,-199.9471078,-0.416109297,-294.3556182,-199.6616302,-0.3804623,-295.7607312,-199.3794995,-0.338767221,-297.172555,-199.1038049,-0.29598916,-298.4946343,-198.7682341,-0.270401092,-300.4027772,-198.4769419,-0.226864368,-301.8586591,-198.2073486,-0.209196597,-303.5115071,-197.9294902,-0.189393074,-304.8197126,-197.6040236,-0.175324815
-278.2690313,-198.6096246,-0.304027172,-291.4890534,-200.2448526,-0.461467424,-293.0396115,-199.9706394,-0.413519166,-294.6276005,-199.6825179,-0.377337293,-296.0345558,-199.3994857,-0.335102555,-297.4485967,-199.1231805,-0.29215143,-298.7710555,-198.7858659,-0.266427624,-300.6804797,-198.4927647,-0.222924917,-302.1415932,-198.2233875,-0.205447864,-303.7966075,-197.9450423,-0.185896371,-305.1062446,-197.6191137,-0.171944057
-278.5192438,-198.6649858,-0.303518739,-291.7589169,-200.2705063,-0.459357859,-293.3101108,-199.9936155,-0.410850694,-294.8998764,-199.7029765,-0.374111816,-296.3086735,-199.4190764,-0.331388807,-297.7249319,-199.1421973,-0.288295169,-299.0477676,-198.803179,-0.26243742,-300.9584666,-198.5083025,-0.218987722,-302.4248898,-198.2391617,-0.201718793,-304.0820668,-197.9603559,-0.182426039,-305.3930244,-197.6339985,-0.168581578
-278.7695994,-198.7197068,-0.303009829,-292.0290806,-200.2956607,-0.457135236,-293.5815971,-200.016183,-0.408081767,-295.1724435,-199.7230126,-0.37078862,-296.5830849,-199.4382777,-0.327629456,-298.0012193,-199.1608331,-0.284427062,-299.3247699,-198.8201794,-0.258431258,-301.2365335,-198.5235187,-0.215084152,-302.7085482,-198.2546763,-0.198009251,-304.3677528,-197.9754086,-0.179001983,-305.6802765,-197.6486731,-0.165258768
-279.0201008,-198.7737877,-0.302501112,-292.2995414,-200.3203208,-0.454800118,-293.8533793,-200.0382962,-0.405206046,-295.445298,-199.7426297,-0.367373552,-296.8577897,-199.457096,-0.32382749,-298.2781525,-199.1791172,-0.280571988,-299.6020619,-198.8368732,-0.254409796,-301.5150981,-198.538466,-0.211190335,-302.992568,-198.2699365,-0.194319017,-304.6539412,-197.9902387,-0.175605272,-305.9678848,-197.6631598,-0.161952103
-279.2707502,-198.8272287,-0.301993262,-292.5702979,-200.3444905,-0.452354542,-294.1254546,-200.0599615,-0.402225191,-295.7179129,-199.7617867,-0.363880686,-297.1323752,-199.4754876,-0.320008054,-298.5553778,-199.1970595,-0.276702582,-299.87939,-198.8532315,-0.250393589,-301.7939475,-198.5531362,-0.207308515,-303.2769483,-198.2849471,-0.190648251,-304.9404887,-198.0048526,-0.172226208,-306.2558488,-197.6774634,-0.158661705
-279.5215467,-198.8800293,-0.301486648,-292.8405814,-200.3680942,-0.44981374,-294.3978208,-200.0811839,-0.399142612,-295.9913541,-199.7805409,-0.36033827,-297.4076763,-199.4935256,-0.316163614,-298.8328946,-199.2146659,-0.272819875,-300.157266,-198.8693015,-0.246372371,-302.0730824,-198.567533,-0.203440764,-303.5615387,-198.2996815,-0.187020509,-305.2273936,-198.0192563,-0.16886309,-306.5441682,-197.6915886,-0.155387808
-279.7724865,-198.9321886,-0.300981261,-293.1119469,-200.3912607,-0.447192915,-294.6704776,-200.1019677,-0.395962742,-296.2650852,-199.7988859,-0.356724462,-297.6832678,-199.5111967,-0.312287185,-299.1107024,-199.2319419,-0.268924672,-300.4354258,-198.8850765,-0.24234315,-302.3525032,-198.5816619,-0.199587167,-303.8466453,-198.3141783,-0.183417997,-305.514655,-198.0334543,-0.165516133,-306.8328425,-197.70554,-0.152130671
-280.023565,-198.9837056,-0.30047685,-293.3836108,-200.4139521,-0.444467306,-294.9434246,-200.1223173,-0.392690221,-296.539106,-199.8168271,-0.353043976,-297.9591495,-199.5285056,-0.30838275,-299.3888007,-199.2488935,-0.265017533,-300.7138693,-198.9005563,-0.238312151,-302.6322094,-198.5955296,-0.195746593,-304.1321108,-198.3284391,-0.17983553,-305.8022727,-198.0474504,-0.162185898,-307.1218715,-197.7193226,-0.148890374
-280.2747789,-199.0345796,-0.299973057,-293.6555719,-200.4361754,-0.441637483,-295.2166622,-200.1422374,-0.389329632,-296.8134164,-199.83437,-0.349301381,-298.2353217,-199.5454572,-0.304453754,-299.6671889,-199.2655264,-0.261098854,-300.9925971,-198.9157413,-0.234285209,-302.9122002,-198.6091429,-0.191917782,-304.4179349,-198.3424684,-0.176273158,-306.0901448,-198.0612425,-0.158874336,-307.4111789,-197.7329266,-0.145678259
-280.5261258,-199.0848106,-0.299469393,-293.9278291,-200.4579373,-0.438704361,-295.4901905,-200.1617331,-0.385885321,-297.0880165,-199.8515205,-0.345501034,-298.511784,-199.5620568,-0.300502973,-299.9458664,-199.2818464,-0.257168958,-301.2716103,-198.9306329,-0.230266587,-303.1924742,-198.6225073,-0.188100492,-304.7041171,-198.356271,-0.172730804,-306.3784798,-198.0748239,-0.155602632,-307.7009214,-197.7463687,-0.142489872
-280.777604,-199.1343988,-0.298965476,-294.2003789,-200.4792436,-0.435670013,-295.7640093,-200.1808095,-0.382361628,-297.3629068,-199.868285,-0.341646642,-298.7885363,-199.57831,-0.296532843,-300.2248314,-199.2978581,-0.253229277,-301.5509091,-198.9452342,-0.226259058,-303.4728804,-198.6356053,-0.184310397,-304.9906569,-198.3698514,-0.169208338,-306.6671699,-198.088218,-0.15234691,-307.9910171,-197.7596602,-0.139315339
-281.0292121,-199.1833444,-0.298461065,-294.4732198,-200.5000989,-0.432538224,-296.0375806,-200.1994309,-0.378767344,-297.6380869,-199.8846702,-0.337741414,-299.065578,-199.5942223,-0.292545487,-300.5038272,-199.3135384,-0.249294207,-301.8304929,-198.9595484,-0.222265101,-303.7537237,-198.6484582,-0.180546028,-305.2775539,-198.3832145,-0.165705622,-306.956215,-198.1014298,-0.149106881,-308.2814645,-197.7728049,-0.136155865
-281.2809481,-199.2316469,-0.297956347,-294.7463514,-200.5205073,-0.429313401,-296.3119956,-200.2176517,-0.375132806,-297.9135565,-199.9006831,-0.333788412,-299.3429093,-199.6097996,-0.288542475,-300.7833721,-199.328912,-0.245374371,-302.1101576,-198.9735655,-0.218290189,-304.0348486,-198.6610734,-0.17679757,-305.5646971,-198.3963364,-0.1622459,-307.2456145,-198.1144646,-0.145882029,-308.5722635,-197.785805,-0.133014347
-281.5328093,-199.2793054,-0.297452282,-295.0197734,-200.5404732,-0.426000091,-296.5867008,-200.2354707,-0.371430362,-298.1893144,-199.9163296,-0.329791221,-299.620217,-199.6250205,-0.284535337,-301.0632024,-199.3439856,-0.241453448,-302.3903217,-198.9872911,-0.214355315,-304.3162556,-198.6734567,-0.173064506,-305.852313,-198.4092542,-0.158807278,-307.5353683,-198.1273278,-0.142671559,-308.8634139,-197.7986624,-0.129893842
-281.7847921,-199.3263185,-0.296949867,-295.2934865,-200.5600015,-0.422602569,-296.8616958,-200.252894,-0.367663736,-298.46496,-199.9315837,-0.325763318,-299.8981372,-199.6399166,-0.280534683,-301.3433178,-199.3587623,-0.237534063,-302.670771,-199.000746,-0.210434356,-304.5979439,-198.685615,-0.169344962,-306.1402846,-198.4219696,-0.155387044,-307.8254758,-198.1400253,-0.139474631,-309.1548606,-197.8113703,-0.126804067
-282.0368928,-199.3726848,-0.296449898,-295.5674905,-200.5790973,-0.419124888,-297.1369776,-200.2699265,-0.363837466,-298.7413028,-199.9464799,-0.321724761,-300.1763427,-199.6544956,-0.276521493,-301.623718,-199.373245,-0.233618639,-302.9515044,-199.0139361,-0.206526571,-304.879913,-198.6975553,-0.165636977,-306.4286115,-198.4344876,-0.151985016,-308.1158665,-198.1525436,-0.136306394,-309.4467202,-197.8239395,-0.123744374
-282.2891097,-199.4184039,-0.295952754,-295.8411785,-200.5977,-0.415595799,-297.4125448,-200.2865712,-0.359958134,-299.0179325,-199.9610239,-0.317655934,-300.4548328,-199.6687602,-0.272499714,-301.9044027,-199.387437,-0.229709525,-303.2325207,-199.0268667,-0.202632001,-305.1621615,-198.7092839,-0.161939392,-306.7172932,-198.4468129,-0.148601012,-308.4066828,-198.1649028,-0.133157901,-309.738932,-197.8363867,-0.120700395
-282.5414423,-199.4634761,-0.295458191,-296.1157794,-200.6159124,-0.412006494,-297.6883974,-200.3028302,-0.356033093,-299.2948499,-199.9752213,-0.313560227,-300.7336074,-199.682713,-0.268473485,-302.1853716,-199.4013416,-0.225808789,-303.513819,-199.039542,-0.198751702,-305.4446884,-198.7208051,-0.15825267,-307.0063295,-198.4589505,-0.145234857,-308.6978507,-198.1771078,-0.130025937,-310.0314948,-197.8487199,-0.11766912
-282.7938911,-199.507902,-0.294965959,-296.3906703,-200.6337088,-0.408349055,-297.9645357,-200.3187059,-0.352069428,-299.5720548,-199.9890783,-0.309439971,-301.0126665,-199.6963566,-0.264446571,-302.4666245,-199.4149625,-0.221918085,-303.7953991,-199.0519659,-0.19488681,-305.7273913,-198.7321033,-0.154593675,-307.2956377,-198.4708923,-0.141895964,-308.9893702,-198.1891613,-0.126912662,-310.3244077,-197.8609453,-0.114649356
-283.0464565,-199.5516821,-0.294475964,-296.6658509,-200.6510945,-0.404627812,-298.2409627,-200.3342026,-0.348072095,-299.8495466,-200.0026014,-0.305297217,-301.2920108,-199.7096946,-0.260421679,-302.7479611,-199.4282865,-0.218046456,-304.0772604,-199.0641426,-0.191038291,-306.010479,-198.7432014,-0.150953019,-307.5853866,-198.4826471,-0.138587327,-309.2812418,-198.2010679,-0.123818463,-310.6176701,-197.8730677,-0.111641319
-283.2991376,-199.5948165,-0.293988329,-296.9413207,-200.6680747,-0.40084711,-298.5176798,-200.3493271,-0.344043623,-300.1273235,-200.0157961,-0.301134758,-301.57164,-199.7227311,-0.256400639,-303.0297886,-199.4413233,-0.214209146,-304.3592551,-199.0760663,-0.187210773,-306.2938439,-198.7541057,-0.147325041,-307.8754887,-198.4942302,-0.135294898,-309.5734654,-198.212834,-0.12074196,-310.9112476,-197.8850819,-0.108653527
-283.5519337,-199.6373047,-0.293503266,-297.2170789,-200.6846544,-0.397011573,-298.7942725,-200.3640463,-0.340003839,-300.4053833,-200.0286654,-0.296957363,-301.8515538,-199.7354707,-0.252385059,-303.3118991,-199.4540891,-0.21038494,-304.641685,-199.0877374,-0.183421587,-306.5774856,-198.7648212,-0.143709969,-308.1659435,-198.5056466,-0.132018533,-309.8659916,-198.224451,-0.117694803,-311.2052115,-197.8969992,-0.105682516
-283.8048446,-199.6791464,-0.293021077,-297.4931249,-200.7008381,-0.393126186,-299.0715818,-200.3784154,-0.335951435,-300.6837258,-200.0412115,-0.292770589,-302.1315139,-199.7478845,-0.248399186,-303.5942918,-199.4665888,-0.206574379,-304.9243949,-199.0991759,-0.179648937,-306.8614038,-198.775353,-0.140108031,-308.4567507,-198.5169013,-0.12875821,-310.1589208,-198.235938,-0.114666567,-311.4995242,-197.9088296,-0.102721579
-284.0578702,-199.7203413,-0.292542165,-297.7694587,-200.7166303,-0.38919592,-299.3491779,-200.3924324,-0.331873365,-300.9620441,-200.053416,-0.288587383,-302.4120053,-199.7600162,-0.244426767,-303.8769664,-199.4788269,-0.202777919,-305.2073842,-199.1103867,-0.175893013,-307.145598,-198.785706,-0.13651949,-308.7479098,-198.527999,-0.125513944,-310.4521995,-198.247301,-0.111654279,-311.7941853,-197.9205786,-0.09976983
-284.3110091,-199.7608891,-0.292066879,-298.0460803,-200.7320356,-0.385225519,-299.6270603,-200.4061025,-0.327772745,-301.2409656,-200.0652952,-0.284426398,-302.6927801,-199.7718665,-0.240461733,-304.1599223,-199.4908081,-0.198995981,-305.4906524,-199.1213744,-0.172154051,-307.4300676,-198.7958851,-0.132944836,-309.0393626,-198.5389373,-0.122291205,-310.7458276,-198.2585424,-0.108660347,-312.0891947,-197.9322519,-0.096826194
-284.5642591,-199.8007891,-0.291595534,-298.322503,-200.7470295,-0.381222217,-299.9052288,-200.4194307,-0.323652489,-301.5201726,-200.0768653,-0.280264685,-302.9738378,-199.7834406,-0.236504603,-304.443159,-199.502537,-0.195229007,-305.7741992,-199.1321436,-0.168432275,-307.7147426,-198.8058858,-0.129391407,-309.3312291,-198.549718,-0.119097604,-311.0398051,-198.269665,-0.105686777,-312.3845309,-197.9438547,-0.093889253
-284.817617,-199.8400409,-0.291128385,-298.5997161,-200.7616438,-0.377217534,-300.1836823,-200.4324218,-0.319515675,-301.7996647,-200.0881328,-0.276102604,-303.2551774,-199.7947432,-0.232556235,-304.7266759,-199.5140181,-0.191477391,-306.058024,-199.142699,-0.164727893,-307.9997667,-198.8157135,-0.125864408,-309.6234467,-198.5603594,-0.115917348,-311.3340965,-198.2806723,-0.10273361,-312.6802383,-197.9553855,-0.090966582
-285.0710795,-199.8786439,-0.29066565,-298.877217,-200.7758886,-0.373182272,-300.4624203,-200.4450797,-0.315365775,-302.0794401,-200.0991039,-0.27194087,-303.5367984,-199.8057787,-0.228617861,-305.0103264,-199.5252325,-0.18775921,-306.3421264,-199.1530454,-0.161041085,-308.285065,-198.8253828,-0.122351884,-309.9160148,-198.5708676,-0.112749552,-311.6287772,-198.2915596,-0.099813164,-312.9762925,-197.9668603,-0.088045563
-285.3246445,-199.9165975,-0.290207584,-299.1550048,-200.7897693,-0.369119535,-300.7414425,-200.4574085,-0.311206228,-302.3594974,-200.1097832,-0.267781656,-303.8187003,-199.8165512,-0.224690679,-305.2944092,-199.5362063,-0.184065157,-306.6264037,-199.1631682,-0.157387736,-308.5706373,-198.8348989,-0.118854289,-310.2089326,-198.5812473,-0.109594402,-311.9238068,-198.3023483,-0.096907184,-313.272693,-197.9782838,-0.085125536
-285.5783098,-199.9539016,-0.289754559,-299.433079,-200.8032908,-0.365032722,-301.0207488,-200.4694121,-0.307040285,-302.6398362,-200.1201743,-0.263627907,-304.1008829,-199.8270651,-0.22077574,-305.5787707,-199.5469472,-0.180386237,-306.9110656,-199.1730894,-0.15375851,-308.8564831,-198.8442666,-0.115372072,-310.5021996,-198.5915015,-0.106453723,-312.2191845,-198.3130437,-0.094014965,-313.5694395,-197.9896598,-0.082207027
-285.832073,-199.9905556,-0.28930694,-299.7114394,-200.8164582,-0.360925124,-301.3000202,-200.481057,-0.302895294,-302.9204562,-200.1302809,-0.259482443,-304.3831684,-199.8372962,-0.21689616,-305.8634104,-199.5574599,-0.176722493,-307.1960037,-199.1828168,-0.150146527,-309.1426022,-198.8534912,-0.111905666,-310.7957756,-198.6016243,-0.103337167,-312.5149097,-198.3236488,-0.091137993,-313.8665319,-198.0009916,-0.079290604
-286.0859323,-200.0265594,-0.288864938,-299.9900856,-200.8292762,-0.356799801,-301.5799049,-200.4923933,-0.298755479,-303.2013581,-200.1401079,-0.25534692,-304.6659184,-199.847281,-0.213034008,-306.148328,-199.5677493,-0.17307399,-307.4812176,-199.1923555,-0.146551968,-309.4289942,-198.8625775,-0.108455488,-311.0897438,-198.6116201,-0.100248092,-312.8109825,-198.3341663,-0.088278099,-314.1639595,-198.0122785,-0.07638064
-286.3398861,-200.0619131,-0.288428353,-300.2690174,-200.8417497,-0.35265965,-301.860073,-200.5034186,-0.294615796,-303.4823224,-200.1496285,-0.251246901,-304.9489476,-199.8570218,-0.209185177,-306.4335228,-199.5778199,-0.169440875,-307.7667069,-199.2017103,-0.142975083,-309.7156149,-198.8715234,-0.105028031,-311.3840614,-198.621503,-0.09717586,-313.1073804,-198.3445919,-0.085443227,-314.4617451,-198.0235295,-0.073472685
-286.5939337,-200.0966171,-0.287996697,-300.5482343,-200.8538835,-0.348507404,-302.1405238,-200.5141373,-0.290478334,-303.7637991,-200.1588901,-0.24715667,-305.2322556,-199.8665233,-0.205350095,-306.7189946,-199.5876765,-0.16582332,-308.0524712,-199.2108861,-0.139416156,-310.0025552,-198.8803341,-0.101626188,-311.6787281,-198.6312795,-0.094118694,-313.4041511,-198.3549353,-0.082629576,-314.7598759,-198.0347523,-0.070562287
-286.8480746,-200.1306719,-0.287569465,-300.8273573,-200.865655,-0.344356875,-302.4212566,-200.5245536,-0.286345401,-304.0455561,-200.167893,-0.243073871,-305.515842,-199.8757902,-0.201529144,-307.0046359,-199.597308,-0.162233568,-308.3385102,-199.219888,-0.135875453,-310.2897675,-198.8890231,-0.09824052,-311.9737434,-198.6409561,-0.091074789,-313.7012693,-198.3652088,-0.079828232,-315.0583517,-198.0459519,-0.067647986
-287.1023078,-200.1640778,-0.287146411,-301.1071552,-200.8770921,-0.340220249,-302.7022713,-200.5346715,-0.282219303,-304.3275917,-200.1766419,-0.238999796,-305.7997063,-199.8848271,-0.197722648,-307.2906662,-199.6067282,-0.158670224,-308.6247534,-199.2287061,-0.132365738,-310.5772513,-198.8975954,-0.094871198,-312.2691066,-198.6505383,-0.088043548,-313.9987346,-198.3754194,-0.077036417,-315.3571715,-198.0571306,-0.064730887
-287.3566304,-200.1968338,-0.286728459,-301.3872369,-200.8882043,-0.336077945,-302.9835676,-200.5444951,-0.278102126,-304.6099055,-200.18514,-0.234936848,-306.0838481,-199.8936388,-0.193930887,-307.5769724,-199.6159506,-0.155120665,-308.911345,-199.2373565,-0.128880979,-310.8650064,-198.9060565,-0.091518273,-312.5647933,-198.6600177,-0.085036985,-314.2965459,-198.385572,-0.074253265,-315.6563296,-198.0682862,-0.061816107
-287.6110326,-200.2289375,-0.286318516,-301.6676022,-200.8989964,-0.331932115,-303.2651463,-200.5540298,-0.273994701,-304.8924973,-200.1933908,-0.230887322,-306.3681341,-199.9022167,-0.190163323,-307.8635538,-199.6249808,-0.151584228,-309.19821,-199.2458488,-0.125414315,-311.1530325,-198.9144114,-0.088181708,-312.8608533,-198.6694097,-0.082046066,-314.5946901,-198.3956667,-0.071482194,-315.9558381,-198.0794196,-0.058906365
-287.865497,-200.2603859,-0.285920394,-301.9482508,-200.9094731,-0.327784707,-303.5467639,-200.5632546,-0.26991606,-305.1753678,-200.2013988,-0.226852311,-306.6528359,-199.9105688,-0.186425319,-308.1504096,-199.6338235,-0.148061005,-309.4853482,-199.2541882,-0.121966011,-311.4413294,-198.9226655,-0.084861377,-313.1572603,-198.6787189,-0.079069659,-314.8931944,-198.4057038,-0.06872771,-316.2556908,-198.0905339,-0.056001228
-288.1200081,-200.2911765,-0.285537148,-302.229182,-200.9196389,-0.323637552,-303.8289174,-200.5722036,-0.26585473,-305.4583519,-200.2091615,-0.222835374,-306.9378137,-199.9187109,-0.182701747,-308.437539,-199.6424821,-0.144552711,-309.7727592,-199.2623799,-0.118536315,-311.7298727,-198.9308144,-0.08156592,-313.4540142,-198.6879491,-0.076108554,-315.1920448,-198.4156938,-0.065982496,-316.5558876,-198.1016306,-0.053101744
-288.3738527,-200.3212143,-0.285181671,-302.5103956,-200.9294985,-0.319492417,-304.1113508,-200.5808839,-0.261800629,-305.7417894,-200.2166804,-0.218849713,-307.2230673,-199.9266478,-0.178992761,-308.7249416,-199.6509591,-0.141061602,-310.0604427,-199.2704288,-0.115125441,-312.0187127,-198.9388721,-0.078287911,-313.7511147,-198.6971039,-0.07316344,-315.4912411,-198.4256437,-0.06324304,-316.8564284,-198.1127116,-0.050208684
-288.6284567,-200.3506768,-0.284846574,-302.7918911,-200.9390562,-0.315350942,-304.3940631,-200.5893002,-0.257754951,-306.0255043,-200.2239782,-0.214872942,-307.5085963,-199.9343844,-0.175298515,-309.0125409,-199.65924,-0.13760506,-310.3483985,-199.2783403,-0.111733572,-312.3078226,-198.946846,-0.07502407,-314.0485464,-198.7061815,-0.070239953,-315.7907829,-198.4355612,-0.060505079,-317.1573099,-198.1237764,-0.047324577
-288.8831268,-200.3794858,-0.284523564,-303.0733692,-200.9482993,-0.31122221,-304.6770539,-200.5974564,-0.25371937,-306.3094953,-200.2310604,-0.210905011,-307.7944003,-199.9419256,-0.171619177,-309.3004949,-199.6673436,-0.134173816,-310.636582,-199.2861033,-0.10837567,-312.5972021,-198.9547415,-0.071773806,-314.3463422,-198.7151895,-0.067335686,-316.0906644,-198.4454524,-0.057765604,-317.458539,-198.1348274,-0.044449684
-289.1378779,-200.4076432,-0.284210578,-303.3554357,-200.9572365,-0.307123719,-304.9603229,-200.6053566,-0.249695417,-306.5937618,-200.237931,-0.206946969,-308.0804788,-199.9492764,-0.167954914,-309.5887223,-199.6752792,-0.130761171,-310.9250847,-199.2937406,-0.105036871,-312.8868508,-198.9625642,-0.068536411,-314.6444843,-198.7241399,-0.064442108,-316.3908962,-198.4553192,-0.055025977,-317.7601118,-198.1458675,-0.041582719
-289.3927172,-200.4351501,-0.283906109,-303.637782,-200.9658846,-0.303034069,-305.2438701,-200.6130052,-0.245684187,-306.8783038,-200.2445942,-0.202999867,-308.3667368,-199.9564319,-0.164313141,-309.8772227,-199.6830524,-0.127366482,-311.2138587,-199.3012571,-0.10171618,-313.1767687,-198.9703194,-0.065311134,-314.9429724,-198.7330396,-0.061556292,-316.6914719,-198.4651675,-0.052282856,-318.0620282,-198.1568982,-0.038724085
-289.6476451,-200.4620066,-0.283608363,-303.9204084,-200.9742474,-0.298955207,-305.5275064,-200.6203997,-0.241688666,-307.1631209,-200.2510544,-0.1990645,-308.6533686,-199.9633963,-0.160700113,-310.1659958,-199.6906687,-0.123989099,-311.5029037,-199.308658,-0.098413463,-313.4669434,-198.9780087,-0.062100585,-315.2418058,-198.7418941,-0.058676449,-316.9923915,-198.4749997,-0.049536747,-318.3642882,-198.1679209,-0.035874073
-289.9026571,-200.4882123,-0.283315426,-304.2033164,-200.9823302,-0.294887703,-305.8116166,-200.6275335,-0.237730736,-307.4482132,-200.2573165,-0.195141186,-308.9402739,-199.970186,-0.15710184,-310.4550414,-199.6981339,-0.120628382,-311.7922194,-199.3159488,-0.09512849,-313.7574002,-198.9856377,-0.058904171,-315.5409766,-198.7507046,-0.055804673,-317.2936547,-198.4848173,-0.04678837,-318.66689,-198.178935,-0.033034714
-290.1577472,-200.5137666,-0.283025775,-304.4865062,-200.9901401,-0.290830134,-306.0960037,-200.634431,-0.233786095,-307.7334653,-200.2633639,-0.191249341,-309.2274522,-199.9768062,-0.153518515,-310.744307,-199.7054479,-0.117287899,-312.0818056,-199.3231346,-0.091860918,-314.0481253,-198.9932164,-0.055715947,-315.840501,-198.7594735,-0.052942609,-317.5952587,-198.4946207,-0.044039686,-318.969837,-198.1899435,-0.030204664
-290.4129116,-200.5386686,-0.282738675,-304.7699773,-200.9976845,-0.286780521,-306.3806674,-200.6410969,-0.229855122,-308.0191125,-200.2692247,-0.18737111,-309.5149035,-199.9832619,-0.149950308,-311.0338998,-199.7126105,-0.113975551,-312.3716351,-199.3302136,-0.08861699,-314.3391186,-199.0007506,-0.052533918,-316.1403701,-198.7682092,-0.050084733,-317.8972094,-198.5044102,-0.041292644,-319.2731273,-198.2009487,-0.027382693
-290.6681492,-200.562918,-0.282454103,-305.0537285,-201.0049705,-0.282737224,-306.6656071,-200.6475359,-0.225938181,-308.3050334,-200.2749035,-0.183504593,-309.8026272,-199.9895583,-0.146397385,-311.3237633,-199.719638,-0.110678401,-312.661764,-199.3371943,-0.08539441,-314.6303796,-199.008247,-0.04935548,-316.4405838,-198.7769171,-0.047228765,-318.1995035,-198.5141895,-0.038545445,-319.5767607,-198.2119529,-0.024567982
-290.9234608,-200.5865143,-0.282172499,-305.33753,-201.0119777,-0.278720312,-306.9508226,-200.6537529,-0.22203557,-308.5912278,-200.2804051,-0.179650136,-310.0906232,-199.9957007,-0.142859936,-311.6138974,-199.7265337,-0.107398061,-312.9521626,-199.344087,-0.082186792,-314.9219081,-199.0157118,-0.046177818,-316.7411419,-198.785603,-0.044371759,-318.502141,-198.5239601,-0.035798556,-319.8807365,-198.2229579,-0.021759628
-291.1788468,-200.6094572,-0.281894383,-305.6218391,-201.0187291,-0.274723545,-307.2363136,-200.6597525,-0.218147513,-308.8776954,-200.2857347,-0.175808197,-310.3788276,-200.001681,-0.13934976,-311.9043019,-199.7333008,-0.104136085,-313.2428306,-199.3508973,-0.078993233,-315.2136999,-199.023149,-0.043000552,-317.0420414,-198.7942711,-0.041512017,-318.8051217,-198.5337233,-0.033052302,-320.1850557,-198.233964,-0.018958527
-291.4343059,-200.6317465,-0.281620149,-305.9064236,-201.0252298,-0.270740975,-307.5220796,-200.6655398,-0.214274173,-309.1644359,-200.2908971,-0.171979183,-310.667371,-200.0075135,-0.135860918,-312.1949769,-199.739943,-0.100893443,-313.5337679,-199.3576312,-0.07581242,-315.5057629,-199.0305605,-0.039824931,-317.3432874,-198.8029234,-0.038650215,-319.1084444,-198.5434793,-0.03030806,-320.4897176,-198.2449724,-0.016164502
-291.6898343,-200.6533819,-0.281349949,-306.1912851,-201.0314831,-0.266774598,-307.8079852,-200.6710949,-0.210437658,-309.4513655,-200.2958959,-0.168163537,-310.9561858,-200.013208,-0.132387426,-312.4858869,-199.7464636,-0.097670759,-313.8249742,-199.3642946,-0.072642883,-315.7980924,-199.0379514,-0.036649122,-317.6448767,-198.8115625,-0.035786197,-319.4121117,-198.5532307,-0.027564808,-320.7947222,-198.2559825,-0.01337914
-291.9454285,-200.6743628,-0.281083755,-306.4764239,-201.037494,-0.262824314,-308.0943064,-200.6764499,-0.206616535,-309.7386557,-200.3007214,-0.164379492,-311.2452718,-200.0187699,-0.128929143,-312.7771055,-199.752856,-0.094481011,-314.1164354,-199.3708896,-0.069486708,-316.0906884,-199.0453235,-0.033473907,-317.9468094,-198.8201884,-0.032921947,-319.716122,-198.5629806,-0.024820754,-321.1000695,-198.2669938,-0.010603898
-292.2010857,-200.6946893,-0.280821514,-306.7618397,-201.0432682,-0.258889459,-308.3809015,-200.6816081,-0.202809596,-310.0262177,-200.3053961,-0.160608509,-311.5346289,-200.024205,-0.125485449,-313.0685935,-199.7591384,-0.091309484,-314.4081801,-199.3774202,-0.066344864,-316.3835507,-199.0526785,-0.030300465,-318.2490855,-198.8288023,-0.030058507,-320.020475,-198.5727311,-0.022075298,-321.4057591,-198.2780052,-0.007840661
-292.4568046,-200.7143611,-0.280563224,-307.0475318,-201.0488112,-0.254969398,-308.6677701,-200.6865746,-0.199016987,-310.3140513,-200.3099251,-0.156850975,-311.8242567,-200.0295195,-0.122055592,-313.3603505,-199.7653129,-0.088158487,-314.7001928,-199.3838948,-0.063212676,-316.6766793,-199.0600175,-0.027130111,-318.5517036,-198.8374047,-0.027197104,-320.3251706,-198.5824827,-0.019329037,-321.7117918,-198.289017,-0.005090216
-292.7125842,-200.7333784,-0.280308985,-307.333323,-201.0541112,-0.251077517,-308.954912,-200.6913543,-0.195238817,-310.6021562,-200.3143135,-0.153107268,-312.1141132,-200.0347143,-0.118642952,-313.6523763,-199.7713805,-0.085031455,-314.9924732,-199.3903172,-0.060090444,-316.9700729,-199.0673403,-0.023965303,-318.8546666,-198.8459988,-0.024336568,-320.6302084,-198.5922333,-0.016585188,-322.018167,-198.30003,-0.002352465
-292.9684236,-200.7517412,-0.280059033,-307.6195721,-201.0591817,-0.247212054,-309.2423268,-200.6959523,-0.191475245,-310.8905323,-200.3185666,-0.149377749,-312.4042833,-200.0397884,-0.115255156,-313.944671,-199.7773422,-0.081931683,-315.2850213,-199.3966912,-0.056978151,-317.2637344,-199.0746486,-0.020806794,-319.1579725,-198.8545874,-0.021475676,-320.9355893,-198.6019839,-0.013844135,-322.3248847,-198.3110444,0.000371716
-293.2243219,-200.7694493,-0.279813879,-307.9060956,-201.0640358,-0.243361172,-309.5299134,-200.7003688,-0.187729763,-311.1791792,-200.3226896,-0.14566274,-312.6947225,-200.0447544,-0.111883908,-314.2372116,-199.7831998,-0.078861167,-315.5778371,-199.403021,-0.053875457,-317.5576621,-199.0819449,-0.017653946,-319.4616213,-198.8631705,-0.018616005,-321.2413128,-198.611734,-0.011107195,-322.6319449,-198.3220598,0.003081229
-293.4802786,-200.7865026,-0.27957435,-308.1928937,-201.0686785,-0.239524829,-309.8178784,-200.704599,-0.18401552,-311.4680438,-200.3266806,-0.141968904,-312.9854309,-200.0496153,-0.108531113,-314.5300483,-199.7889505,-0.075827699,-315.870914,-199.4093076,-0.050784489,-317.851856,-199.0892307,-0.014507364,-319.765613,-198.8717477,-0.015759565,-321.5473789,-198.6214838,-0.008375362,-322.9393476,-198.3330749,0.005773629
-293.7362937,-200.802901,-0.279341676,-308.4799662,-201.0731152,-0.235702413,-310.1061152,-200.7086638,-0.180315242,-311.7572355,-200.3305455,-0.138297529,-313.2764092,-200.0543759,-0.105196986,-314.8231544,-199.7946137,-0.072815712,-316.1642657,-199.4155567,-0.047703353,-318.1463161,-199.0965073,-0.0113674,-320.0699471,-198.8803161,-0.012910506,-321.8537873,-198.6312326,-0.005650336,-323.2470926,-198.344091,0.008449565
-293.9923669,-200.818644,-0.279117545,-308.7673128,-201.0773516,-0.231893177,-310.3946236,-200.7125683,-0.176629216,-312.0466973,-200.3342971,-0.134640215,-313.5676572,-200.0590425,-0.101880017,-315.1165293,-199.8001956,-0.069822767,-316.4578845,-199.421776,-0.044627099,-318.4410422,-199.1037767,-0.008233984,-320.3746249,-198.8888769,-0.010069018,-322.1605385,-198.6409803,-0.002933144,-323.5551799,-198.3551081,0.011108111
-294.2484974,-200.8337316,-0.278904118,-309.0549329,-201.0813932,-0.228096617,-310.6834034,-200.7163175,-0.172957779,-312.3364289,-200.3379409,-0.130997038,-313.8591496,-200.0636198,-0.098579865,-315.4101727,-199.8057011,-0.066848041,-316.7517702,-199.427971,-0.041553297,-318.7360341,-199.1110395,-0.005107936,-320.6796455,-198.89743,-0.007236683,-322.4676321,-198.6507279,-0.000223904,-323.8636094,-198.3661264,0.013748332
-294.5046834,-200.8481631,-0.278704068,-309.3426933,-201.0852251,-0.224330756,-310.9724543,-200.7199163,-0.169301227,-312.6264303,-200.3414822,-0.127367985,-314.1509382,-200.0681076,-0.09530204,-315.7040843,-199.8111341,-0.063891355,-317.0459226,-199.4341465,-0.038479787,-319.0312923,-199.1182989,-0.001987815,-320.9850091,-198.9059747,-0.004415252,-322.775068,-198.6604753,0.002476326,-324.1723817,-198.3771443,0.016367856
-294.7609226,-200.8619381,-0.278520535,-309.6308611,-201.0888657,-0.220585932,-311.2617763,-200.7233702,-0.165659462,-312.9167011,-200.3449264,-0.123752959,-314.4429951,-200.0725192,-0.092037447,-315.9982514,-199.8164954,-0.060955482,-317.3403412,-199.4403048,-0.035406832,-319.3268163,-199.1255555,0.001125506,-321.2907155,-198.9145112,-0.00160582,-323.0828464,-198.6702221,0.005166302,-324.4814957,-198.3881628,0.018966638
-295.017213,-200.8750564,-0.278357077,-309.9193001,-201.0923213,-0.21685894,-311.5513027,-200.7266729,-0.162043415,-313.2072091,-200.3482769,-0.120153468,-314.7353201,-200.0768581,-0.088786849,-316.2927,-199.8217857,-0.058043706,-317.635024,-199.4464439,-0.032338749,-319.6226062,-199.1328088,0.004230046,-321.5967648,-198.9230416,0.001192588,-323.3909671,-198.679967,0.007843588,-324.7909518,-198.3991821,0.021543995
-295.2735534,-200.8875178,-0.278217501,-310.2080112,-201.0955958,-0.21315109,-311.8411709,-200.7298395,-0.158444813,-313.4980212,-200.351533,-0.116576011,-315.0279132,-200.0811279,-0.085550896,-316.5874162,-199.8270129,-0.055151091,-317.9299753,-199.452566,-0.029275589,-319.9186621,-199.1400583,0.007323823,-321.9031567,-198.9315702,0.003983152,-323.6994299,-198.6897116,0.010508746,-325.1007498,-198.4102022,0.024098868
-295.5299423,-200.8993228,-0.278106063,-310.4969946,-201.0986944,-0.209462246,-312.1313085,-200.7328795,-0.154858645,-313.7891021,-200.3547096,-0.113010441,-315.3207741,-200.0853324,-0.08233015,-316.8824,-199.8321793,-0.052278873,-318.2251928,-199.4586727,-0.026217852,-320.2149843,-199.1473029,0.010404544,-322.2098909,-198.9400987,0.006766296,-324.0082349,-198.6994557,0.013160744,-325.4108906,-198.4212222,0.026629265
-295.7863776,-200.9104715,-0.278027559,-310.7862499,-201.1016228,-0.205791955,-312.4217151,-200.7357962,-0.151286788,-314.0804517,-200.3578122,-0.109456203,-315.6138884,-200.0894728,-0.07912709,-317.1776514,-199.8372874,-0.049427325,-318.5206767,-199.4647659,-0.02316543,-320.5115722,-199.1545425,0.013470528,-322.5169676,-198.9486266,0.009540638,-324.317382,-198.7091994,0.015798521,-325.7213725,-198.4322425,0.029134661
-296.0428575,-200.9209641,-0.277987542,-311.0756782,-201.1043799,-0.202145531,-312.7123905,-200.7385925,-0.147731731,-314.3720697,-200.3608462,-0.10591267,-315.9072864,-200.0935499,-0.075945383,-317.4731706,-199.8423417,-0.046595059,-318.8164267,-199.470848,-0.020117916,-320.8084262,-199.1617781,0.01652145,-322.8243871,-198.9571517,0.012302645,-324.6268717,-198.7189412,0.018419441,-326.0321961,-198.443264,0.031614845
-296.2993791,-200.9307995,-0.277993161,-311.365482,-201.1069663,-0.198529554,-313.0033348,-200.7412711,-0.144195746,-314.663956,-200.363817,-0.102379111,-316.2009524,-200.0975745,-0.072777787,-317.7689511,-199.8473416,-0.04378508,-319.112442,-199.4769201,-0.017075709,-321.1055461,-199.1690096,0.01955606,-323.1321486,-198.9656747,0.015051966,-324.9367029,-198.7286821,0.021023671,-326.3433615,-198.4542863,0.034068367
-296.5559415,-200.9399763,-0.278052653,-311.6555569,-201.1094008,-0.194929449,-313.2945031,-200.7438296,-0.140686051,-314.9560944,-200.3667293,-0.098855515,-316.4948864,-200.1015534,-0.069621256,-318.0650062,-199.8522969,-0.04099054,-319.4087243,-199.4829817,-0.014040932,-321.4029321,-199.1762372,0.022573029,-323.4402524,-198.9741956,0.017787605,-325.246876,-198.7384224,0.023610359,-326.65487,-198.4653076,0.036492336
-296.8125447,-200.9484929,-0.278174957,-311.9459024,-201.1116891,-0.191344778,-313.5859908,-200.7462768,-0.137199721,-315.248519,-200.3695846,-0.095345097,-316.7890882,-200.1054937,-0.066472267,-318.3613284,-199.8572137,-0.038207575,-319.7052725,-199.4890338,-0.011014216,-321.7005848,-199.1834607,0.025570878,-323.7486985,-198.9827146,0.020508618,-325.5573909,-198.7481622,0.026178379,-326.9667189,-198.4763271,0.038884818
-297.0691894,-200.9563488,-0.278368721,-312.2365174,-201.1138357,-0.187776248,-313.8777481,-200.7486259,-0.133728033,-315.5412113,-200.3723952,-0.091839739,-317.0835572,-200.109402,-0.063327684,-318.6579175,-199.8620965,-0.035433814,-320.0020868,-199.4950759,-0.007997481,-321.9985029,-199.1906788,0.028546989,-324.0574875,-198.9912309,0.023212939,-325.8682485,-198.7579001,0.028725281,-327.2789092,-198.4873466,0.041246642
-297.3258785,-200.9635474,-0.278639359,-312.5274014,-201.1158436,-0.184226033,-314.1697738,-200.7508826,-0.130270274,-315.8341712,-200.3751669,-0.088337671,-317.3782878,-200.1132799,-0.060189116,-318.9547735,-199.8669501,-0.032666762,-320.2991672,-199.5011074,-0.004992625,-322.296687,-199.1978927,0.031501322,-324.366618,-198.9997448,0.025899823,-326.179447,-198.7676368,0.031250623,-327.5914405,-198.4983689,0.043579344
-297.5826028,-200.9700939,-0.27899274,-312.8184814,-201.1177132,-0.180698444,-314.4620674,-200.7530502,-0.126827841,-316.1273984,-200.3779056,-0.084837253,-317.6732907,-200.1171308,-0.057056395,-319.2518938,-199.8717768,-0.029905903,-320.5965137,-199.5071277,-0.002001535,-322.5951372,-199.2051024,0.034432488,-324.6760905,-199.0082569,0.028568647,-326.4909871,-198.7773728,0.033753709,-327.904313,-198.5093965,0.045884339
-297.8393424,-200.9759929,-0.279435497,-313.1099078,-201.1194364,-0.177207716,-314.7546288,-200.7551314,-0.123402727,-316.4208927,-200.3806162,-0.081337438,-317.96856,-200.1209586,-0.053928515,-319.5492832,-199.8765795,-0.027150372,-320.8941264,-199.5131341,0.000971642,-322.8938535,-199.2123079,0.037339095,-324.9859051,-199.016767,0.031218106,-326.8028688,-198.787108,0.036233269,-328.2175259,-198.5204314,0.048162594
-298.0953713,-200.9812254,-0.279983603,-313.4016046,-201.1210338,-0.173737815,-315.0474296,-200.7571234,-0.120002362,-316.7146489,-200.3833023,-0.07783823,-318.2640956,-200.1247649,-0.050806533,-319.8469389,-199.8813634,-0.024396714,-321.1920054,-199.5191291,0.003928258,-323.1928358,-199.2195091,0.040219806,-325.2960626,-199.0252743,0.033846241,-327.1150932,-198.7968411,0.038686813,-328.5310796,-198.5314737,0.050412962
-298.3520498,-200.9857974,-0.28067278,-313.6935717,-201.1225123,-0.170287019,-315.3405305,-200.7590339,-0.116623766,-317.0086776,-200.3859682,-0.074339196,-318.5598974,-200.128551,-0.047691864,-320.1448608,-199.8861309,-0.021644068,-321.4901505,-199.5251151,0.00686936,-323.4920854,-199.2267048,0.04307205,-325.606561,-199.0337788,0.036451765,-327.4276578,-198.8065728,0.041113814,-328.8449742,-198.5425225,0.052633532
-298.6087028,-200.9896831,-0.281524134,-313.9858085,-201.1238783,-0.166853734,-315.6339,-200.7608744,-0.113259751,-317.3029723,-200.3886187,-0.070839017,-318.8559626,-200.1323176,-0.044586019,-320.4430488,-199.890884,-0.018892199,-321.7885615,-199.5310945,0.009796252,-323.7915999,-199.2338964,0.045895923,-325.9174012,-199.0422817,0.039034685,-327.7405637,-198.8163039,0.043513908,-329.1592104,-198.5535766,0.054821966
-298.8653715,-200.9928626,-0.282569163,-314.2783138,-201.1251367,-0.163438071,-315.927538,-200.7626517,-0.109907817,-317.5975329,-200.391255,-0.067339812,-319.1522973,-200.1360638,-0.041492212,-320.7415021,-199.8956238,-0.016141454,-322.0872384,-199.5370695,0.012709907,-324.0913804,-199.2410841,0.048690205,-326.2285831,-199.0507829,0.041593608,-328.0538108,-198.8260345,0.045885978,-329.4737865,-198.5646361,0.056977277
-299.1221486,-200.9953402,-0.283817056,-314.5710382,-201.1262881,-0.160044076,-316.2214436,-200.7643714,-0.106566543,-317.8923595,-200.3938783,-0.063843636,-319.4488982,-200.1397943,-0.038407783,-321.0402224,-199.9003505,-0.013393102,-322.3861817,-199.5430395,0.015608415,-324.3914271,-199.2482674,0.051453089,-326.5401083,-199.059281,0.044125935,-328.3674007,-198.8357629,0.048227009,-329.788703,-198.5757017,0.059099038
-299.3790604,-200.997185,-0.285211175,-314.864082,-201.1273274,-0.156682096,-316.5156165,-200.7660374,-0.103236113,-318.187452,-200.3964892,-0.060353003,-319.7457653,-200.1435111,-0.035332601,-321.3392085,-199.9050664,-0.010646276,-322.6853906,-199.5490044,0.018490586,-324.69174,-199.2554456,0.054182502,-326.8519739,-199.0677743,0.046628761,-328.6813304,-198.8454889,0.050535534,-330.1039598,-198.5867735,0.06118634
-299.6361077,-200.9984817,-0.286679916,-315.1573948,-201.1282693,-0.153341827,-316.8100424,-200.7676479,-0.099922209,-318.4828074,-200.3990855,-0.056873038,-320.0428985,-200.1472159,-0.032266596,-321.6384606,-199.9097711,-0.0079026,-322.9848656,-199.5549639,0.021354837,-324.992321,-199.2626165,0.056874858,-327.1641809,-199.0762643,0.049102275,-328.9956011,-198.8552123,0.052810331,-330.419558,-198.5978509,0.063237437
-299.8932911,-200.9993156,-0.288151305,-315.4509769,-201.12912,-0.150021699,-317.1047513,-200.7692116,-0.096620084,-318.7784313,-200.401667,-0.053406811,-320.3402977,-200.1509094,-0.029210769,-321.9379786,-199.9144644,-0.005163678,-323.2846065,-199.5609176,0.024199646,-325.2931659,-199.2697825,0.059531338,-327.4767289,-199.0847531,0.051547386,-329.3102125,-198.8649342,0.055051163,-330.7354955,-198.6089341,0.065251645
-300.1506282,-200.9997785,-0.289546764,-315.7448281,-201.1298862,-0.146719437,-317.3997274,-200.770734,-0.09332776,-319.0743214,-200.4042338,-0.049956798,-320.6379616,-200.1545895,-0.026168468,-322.2377625,-199.9191457,-0.002431436,-323.5846135,-199.5668657,0.027023848,-325.5942764,-199.2769464,0.062153316,-327.7896184,-199.0932435,0.053965437,-329.6251651,-198.8746564,0.05725861,-331.0517731,-198.6200234,0.067228174
-300.4081802,-200.9999751,-0.290774213,-316.0389482,-201.1305746,-0.143432854,-317.6949708,-200.7722198,-0.09004399,-319.3704777,-200.4067874,-0.046524006,-320.9358929,-200.158257,-0.023140519,-322.5378128,-199.9238123,0.000290302,-323.8848874,-199.5728071,0.029825173,-325.8956524,-199.2841108,0.06474208,-328.1028479,-199.1017379,0.056357677,-329.9404566,-198.884383,0.059435663,-331.3683907,-198.6311188,0.069166019
-300.6660573,-201.0000132,-0.291746224,-316.3333077,-201.1311862,-0.140165199,-317.9904812,-200.7736737,-0.086767411,-319.6669003,-200.4093302,-0.043108143,-321.2340902,-200.1619117,-0.020128125,-322.838129,-199.9284658,0.003001765,-324.1854265,-199.5787427,0.032603267,-326.1972949,-199.2912775,0.067298003,-328.4164184,-199.1102371,0.05872368,-330.2560884,-198.8941158,0.061582881,-331.6853493,-198.6422192,0.07106326
-300.9243252,-200.999995,-0.292385367,-316.6279655,-201.1317244,-0.136917297,-318.2862524,-200.7750989,-0.083498013,-319.963588,-200.4118645,-0.039709054,-321.5325535,-200.1655532,-0.017133032,-323.1387114,-199.9331062,0.005701841,-324.4862316,-199.584673,0.035357383,-326.4992026,-199.2984455,0.069818917,-328.7303298,-199.1187404,0.061061395,-330.5720605,-198.9038543,0.063698642,-332.0026466,-198.6533256,0.072919903
-301.1829434,-200.9999848,-0.292647763,-316.9228908,-201.1321984,-0.13368414,-318.5822973,-200.7764982,-0.08023621,-320.2605428,-200.4143912,-0.036327878,-321.8312829,-200.1691808,-0.014156938,-323.4395597,-199.9377354,0.008391171,-324.7873027,-199.5905981,0.038086374,-326.8013764,-199.3056147,0.072303323,-329.0445831,-199.1272466,0.063368389,-330.8883739,-198.9135967,0.065779932,-332.3202837,-198.6644381,0.074735114
-301.4419008,-200.9999873,-0.292541738,-317.2180835,-201.1326117,-0.130466023,-318.8786087,-200.7778776,-0.076978807,-320.5577635,-200.4169106,-0.032966063,-322.130278,-200.1727931,-0.01120231,-323.7406742,-199.9423558,0.011070893,-325.0886398,-199.596518,0.040788992,-327.1038162,-199.3127846,0.074749362,-329.3591761,-199.1357552,0.065642948,-331.2050264,-198.9233433,0.067825982,-332.6382614,-198.6755563,0.076507775
-301.7011844,-200.9999953,-0.292084393,-317.5135434,-201.1329679,-0.127263262,-319.175186,-200.7792391,-0.073726609,-320.85525,-200.4194219,-0.029625948,-322.4295398,-200.1763927,-0.00826766,-324.0420543,-199.946969,0.013741449,-325.3902445,-199.602431,0.043462107,-327.4065219,-199.3199549,0.077155678,-329.6741097,-199.144267,0.067884662,-331.5220188,-198.9330942,0.069835797,-332.9565775,-198.6866796,0.07823655
-301.96077,-201.0000019,-0.291292126,-317.8092707,-201.1332705,-0.124076062,-319.4720288,-200.7805823,-0.070482999,-321.1530026,-200.4219245,-0.026309541,-322.7290678,-200.1799832,-0.005350369,-324.3437003,-199.9515768,0.016403483,-325.6921141,-199.6083372,0.046104675,-327.7094946,-199.3271258,0.079520977,-329.9893838,-199.1527823,0.070092509,-331.8393521,-198.9428494,0.071808265,-333.275233,-198.697809,0.07992144
-302.2206382,-201.0000041,-0.290179228,-318.10525,-201.1335181,-0.120909335,-319.7691374,-200.7819055,-0.067252077,-321.4510204,-200.4244185,-0.023018283,-323.0288616,-200.1835667,-0.002449107,-324.6456123,-199.9561786,0.019055061,-325.9942498,-199.6142364,0.048715149,-328.0127321,-199.334297,0.081843852,-330.3049993,-199.1613005,0.072264832,-332.1570241,-198.9526084,0.07374202,-333.5942276,-198.7089442,0.081561714
-302.4807756,-201.0000031,-0.288757491,-318.4015157,-201.1337238,-0.117753495,-320.0665077,-200.7832048,-0.064040385,-321.7493051,-200.4269025,-0.01975476,-323.3289214,-200.1871442,0.000435895,-324.9477901,-199.9607736,0.021694222,-326.2966513,-199.6201295,0.051293204,-328.3162355,-199.3414691,0.084123748,-330.620954,-199.1698217,0.074400504,-332.4750356,-198.9623721,0.075636813,-333.9135626,-198.7200847,0.083156023
-302.7411827,-201.0000009,-0.287039111,-318.6980497,-201.1338962,-0.114603186,-320.3641487,-200.7844836,-0.060846733,-322.0478558,-200.4293781,-0.016518508,-323.6292473,-200.1907141,0.003302312,-325.2502347,-199.965361,0.024318751,-326.5993194,-199.626019,0.053839961,-328.6200048,-199.3486421,0.086359441,-330.937249,-199.1783462,0.076498755,-332.7933867,-198.9721403,0.077491618,-334.2332354,-198.7312307,0.084703988
-303.0018709,-200.9999993,-0.285037505,-318.9948514,-201.134043,-0.111453998,-320.6620561,-200.7857444,-0.057670972,-322.3466726,-200.4318454,-0.013310478,-323.9298391,-200.1942757,0.006148483,-325.5529446,-199.9699402,0.026926949,-326.9022519,-199.6319071,0.056356306,-328.9240401,-199.3558159,0.088549736,-331.253884,-199.186874,0.078558434,-333.1120783,-198.9819125,0.079304835,-334.553247,-198.7423825,0.08620543
-303.2628545,-200.9999989,-0.282767865,-319.2919193,-201.1341678,-0.108305149,-320.9602297,-200.7869893,-0.054513074,-322.6457554,-200.4343045,-0.010131549,-324.2306969,-200.1978294,0.008973772,-325.8559204,-199.9745125,0.029518796,-327.2054503,-199.6377964,0.05884357,-329.2283427,-199.36299,0.090692978,-331.5708603,-199.1954043,0.080577653,-333.4311081,-198.9916886,0.08107574,-334.8735987,-198.7535402,0.087659754
-303.5241478,-200.9999993,-0.280246245,-319.589246,-201.1342693,-0.105161064,-321.2586696,-200.7882202,-0.051372979,-322.9451043,-200.4367555,-0.006982546,-324.5318207,-200.2013752,0.011777324,-326.1591622,-199.979078,0.032093102,-327.5089147,-199.6436864,0.061300063,-329.5329099,-199.3701645,0.092788296,-331.8881752,-199.2039376,0.082555955,-333.7504769,-199.0014692,0.082803941,-335.1942876,-198.7647027,0.0890655
-303.7857613,-200.9999999,-0.277488148,-319.8868454,-201.1343471,-0.102024772,-321.5573741,-200.7894379,-0.048251733,-323.244719,-200.4391969,-0.003865917,-324.8332104,-200.2049134,0.014558353,-326.46267,-199.9836368,0.034648533,-327.8126451,-199.6495765,0.063723778,-329.8377431,-199.3773398,0.094834995,-332.2058299,-199.2124742,0.084492552,-334.0701848,-199.0112542,0.084488649,-335.5153151,-198.775871,0.090423166
-304.0477014,-201.0000002,-0.274508065,-320.184711,-201.134403,-0.098897068,-321.8563466,-200.7906452,-0.045148168,-323.5446001,-200.4416291,-0.000782078,-325.1348667,-200.2084429,0.017315044,-326.7664449,-199.9881876,0.037182643,-328.1166426,-199.6554657,0.066112501,-330.1428422,-199.3845159,0.096832099,-332.5238255,-199.221014,0.086386371,-334.3902329,-199.0210426,0.086128058,-335.8366809,-198.7870449,0.091732278
-304.3099709,-201.0000003,-0.271319417,-320.4828431,-201.1344392,-0.095778416,-322.155585,-200.7918438,-0.042062023,-323.8447473,-200.4440515,0.002267619,-325.4367886,-200.2119643,0.020046827,-327.0704847,-199.9927309,0.039694465,-328.420905,-199.6613537,0.068464701,-330.4482087,-199.3916927,0.098778608,-332.8421594,-199.229556,0.088235609,-334.7106185,-199.0308354,0.087722473,-336.1583863,-198.798224,0.09299185
-304.5725706,-201.0000002,-0.267934607,-320.7812415,-201.1344581,-0.092668735,-322.4550893,-200.7930337,-0.03899474,-324.1451606,-200.4464642,0.005282419,-325.7389764,-200.215478,0.022753235,-327.3747906,-199.9972671,0.042183237,-328.7254332,-199.6672412,0.070779899,-330.7538398,-199.3988695,0.10067288,-333.1608327,-199.2381013,0.090040312,-335.0313427,-199.0406326,0.089271243,-336.4804283,-198.8094083,0.094201856
-304.8355003,-201,-0.264365469,-321.0799026,-201.1344611,-0.08956872,-322.7548595,-200.7942143,-0.035948068,-324.4458399,-200.448869,0.008263402,-326.0414303,-200.218984,0.025433219,-327.6793625,-200.0017964,0.044647623,-329.0302274,-199.6731285,0.073057062,-331.0597368,-199.4060469,0.102514858,-333.4798453,-199.2466497,0.091799631,-335.3524068,-199.0504336,0.090773278,-336.8028082,-198.8205987,0.095362735
-305.0987606,-200.9999999,-0.260623427,-321.3788332,-201.1344482,-0.08648074,-323.0548945,-200.7953841,-0.032924611,-324.7467852,-200.4512679,0.011211793,-326.3441501,-200.2224822,0.028085712,-327.9842019,-200.0063187,0.047086217,-329.3352876,-199.6790154,0.075295065,-331.3658997,-199.4132251,0.104303802,-333.7991985,-199.2552008,0.093512279,-335.6738079,-199.0602384,0.092227902,-337.1255274,-198.8317951,0.096474218
-305.362352,-200.9999999,-0.256719599,-321.6780296,-201.13442,-0.083406006,-323.3551967,-200.7965435,-0.029925124,-325.0479964,-200.4536643,0.01413029,-326.647137,-200.2259712,0.03070825,-328.289306,-200.0108322,0.04949609,-329.6406149,-199.6849014,0.077492034,-331.6723286,-199.420404,0.106039033,-334.1188893,-199.2637544,0.095177404,-335.9955473,-199.0700475,0.093635211,-337.448583,-198.8429959,0.097534538
-305.6262757,-201,-0.252664778,-321.9774918,-201.1343762,-0.080347041,-323.6557648,-200.797693,-0.026949858,-325.3494734,-200.4560589,0.017018735,-326.950389,-200.229452,0.033300878,-328.5946761,-200.0153387,0.051877427,-329.9462071,-199.6907869,0.079647288,-331.9790251,-199.4275831,0.10771939,-334.4389191,-199.2723112,0.096794869,-336.3176248,-199.079861,0.094994716,-337.7719764,-198.8542012,0.098543627
-305.8905324,-201,-0.248469166,-322.2772198,-201.1343161,-0.077306325,-323.956599,-200.7988328,-0.023999562,-325.6512164,-200.4584508,0.019875723,-327.2539071,-200.232925,0.03586284,-328.9003123,-200.019838,0.054228821,-330.2520652,-199.6966719,0.081759877,-332.285986,-199.4347625,0.109344444,-334.7592877,-199.2808711,0.098364008,-336.6400418,-199.0896776,0.096304854,-338.0957072,-198.8654106,0.099500944
-306.1551223,-201,-0.244142573,-322.5772099,-201.1342386,-0.074286956,-324.2576991,-200.799963,-0.021074981,-325.9532258,-200.4608395,0.022699758,-327.5576911,-200.2363902,0.038393239,-329.2062146,-200.0243301,0.05654895,-330.5581893,-199.7025564,0.083828756,-332.5932129,-199.4419425,0.110913906,-335.0799965,-199.2894331,0.099883242,-336.9627951,-199.0994983,0.097566211,-338.4197754,-198.8766254,0.100407733
-306.4200452,-201,-0.239694453,-322.8774698,-201.1341418,-0.0712925,-324.5590646,-200.8010823,-0.018177969,-326.2555008,-200.4632237,0.025488942,-327.8617424,-200.2398476,0.040890901,-329.5123848,-200.0288142,0.058835739,-330.8645808,-199.7084403,0.085852641,-332.9007058,-199.4491231,0.112427189,-335.4010423,-199.297998,0.101352857,-337.2858862,-199.1093232,0.098778556,-338.7441785,-198.8878495,0.101268001
-306.6853006,-201,-0.235133888,-323.1779959,-201.134028,-0.068322556,-324.8606968,-200.8021915,-0.015308662,-326.5580417,-200.4656043,0.028243478,-328.1660587,-200.243296,0.043353685,-329.8188193,-200.0332907,0.061088243,-331.1712369,-199.7143232,0.087830265,-333.2084663,-199.4563041,0.11388359,-335.7224265,-199.306566,0.102772475,-337.6093161,-199.1191519,0.099941232,-339.0689177,-198.899086,0.102084822
-306.9508882,-201,-0.230469612,-323.4787885,-201.1338993,-0.065376644,-325.162595,-200.8032908,-0.012467299,-326.8608486,-200.4679815,0.030962805,-328.4706411,-200.2467362,0.045781176,-330.1255199,-200.0377604,0.063305956,-331.478159,-199.7202056,0.089761271,-333.516491,-199.4634851,0.115282419,-336.0441505,-199.3151366,0.104141268,-337.933082,-199.1289847,0.101054308,-339.3939933,-198.9103358,0.102859044
-307.2168077,-201,-0.225709999,-323.7798474,-201.1337582,-0.062453757,-325.4647591,-200.8043802,-0.009654577,-327.1639214,-200.4703555,0.033646307,-328.7754896,-200.2501673,0.048171553,-330.4324868,-200.0422226,0.065487099,-331.7853472,-199.7260876,0.091644761,-333.8247817,-199.470667,0.116624139,-336.3662112,-199.3237095,0.105458567,-338.2571853,-199.1388218,0.102117894,-339.7194059,-198.921598,0.103589906
-307.4830593,-201,-0.220863146,-324.081171,-201.1336066,-0.059553497,-325.7671893,-200.8054597,-0.006871181,-327.4672608,-200.472726,0.036292967,-329.0806043,-200.253589,0.050523352,-330.7397224,-200.0466765,0.067629411,-332.0928013,-199.7319691,0.093479884,-334.1333384,-199.4778499,0.117908425,-336.6886098,-199.3322854,0.106724651,-338.5816279,-199.1486625,0.103130895,-340.0451548,-198.9328717,0.104276589
-307.7496431,-201,-0.215936725,-324.3827621,-201.1334445,-0.056677301,-326.0698853,-200.8065278,-0.004119199,-327.7708656,-200.4750925,0.038901663,-329.385986,-200.257002,0.052836215,-331.0472217,-200.0511198,0.06972973,-332.4005229,-199.7378493,0.095265006,-334.4421613,-199.4850332,0.119134505,-337.0113464,-199.340864,0.107939168,-338.9064058,-199.1585046,0.10409137,-340.3712399,-198.9441565,0.104918982
-308.0165594,-201,-0.210938092,-324.6846191,-201.133272,-0.053826238,-326.3728476,-200.8075858,-0.001397886,-328.0747364,-200.4774557,0.041472128,-329.6916319,-200.2604097,0.055112596,-331.3549868,-200.0555561,0.071790164,-332.7085091,-199.7437289,0.097000161,-334.7512528,-199.4922151,0.120300314,-337.3344223,-199.3494446,0.109100902,-339.2315201,-199.1683498,0.10500088,-340.6976607,-198.9554528,0.105517407
-308.2838086,-201,-0.205874297,-324.9867419,-201.1330884,-0.05100213,-326.6760758,-200.8086341,0.001292514,-328.3788731,-200.4798154,0.044003581,-329.9975434,-200.2638153,0.057354589,-331.6630174,-200.0599879,0.073812339,-333.0167614,-199.7496081,0.098684691,-335.0606079,-199.499396,0.121406358,-337.657834,-199.3580282,0.110210811,-339.5569703,-199.1782009,0.105862103,-341.0244174,-198.9667607,0.106072283
-308.5513911,-201,-0.200752091,-325.2891307,-201.1328935,-0.048206289,-326.9795701,-200.8096728,0.003951538,-328.6832758,-200.4821717,0.046495251,-330.3037209,-200.2672198,0.059562138,-331.9713137,-200.064418,0.075797899,-333.3252796,-199.7554867,0.100317942,-335.3702283,-199.5065777,0.122454238,-337.9815831,-199.3666152,0.111268945,-339.8827557,-199.1880611,0.106678427,-341.3515096,-198.9780803,0.106583838
-308.8193075,-201,-0.195577916,-325.5917842,-201.1326865,-0.045440365,-327.2833305,-200.8107013,0.006578023,-328.9879452,-200.4845241,0.048945795,-330.6101653,-200.2706225,0.06173355,-332.2798767,-200.0688472,0.077746603,-333.6340655,-199.7613642,0.101898722,-335.6801139,-199.5137627,0.123446835,-338.3056715,-199.3752046,0.112274228,-340.2088771,-199.197933,0.107452417,-341.6789374,-198.9894116,0.107052205
-309.0875579,-201,-0.190357901,-325.8947051,-201.1324677,-0.042704851,-327.5873569,-200.8117178,0.009169484,-329.2928799,-200.4868727,0.051354741,-330.9168751,-200.2740219,0.063866386,-332.5887051,-200.0732754,0.079657264,-333.9431159,-199.7672408,0.103426792,-335.9902638,-199.5209543,0.124387388,-338.6300957,-199.3837955,0.11322565,-340.5353347,-199.2078164,0.108183757,-342.0067005,-199.0007546,0.107477522
-309.3561429,-201,-0.18509788,-326.197892,-201.132238,-0.039999604,-327.8916493,-200.812723,0.011725939,-329.5980805,-200.4892179,0.053721555,-331.2238508,-200.2774184,0.065959909,-332.8977997,-200.0777019,0.08152827,-334.2524323,-199.7731168,0.104902012,-336.30068,-199.5281535,0.125277451,-338.954857,-199.3923876,0.114122874,-340.8621284,-199.2177102,0.108871604,-342.3347988,-199.012109,0.107860021
-309.6250627,-201,-0.179803409,-326.5013449,-201.1319972,-0.037325326,-328.1962077,-200.813717,0.0142471,-329.9035472,-200.4915596,0.056045443,-331.5310925,-200.2808119,0.068013273,-333.2071604,-200.0821262,0.083358212,-334.5620147,-199.7789923,0.106323984,-336.6113622,-199.5353598,0.126116731,-339.2799559,-199.4009816,0.114966396,-341.1892579,-199.2276138,0.109515303,-342.6632322,-199.0234751,0.108200015
-309.8943177,-201,-0.174479826,-326.8050637,-201.1317453,-0.034682681,-328.501032,-200.8147022,0.016734519,-330.2092807,-200.4938977,0.058325478,-331.8386002,-200.2842027,0.070025738,-333.5167885,-200.0865479,0.085145693,-334.8718649,-199.7848668,0.107691948,-336.9223105,-199.5425723,0.126904971,-339.6053889,-199.4095802,0.115759109,-341.5167228,-199.2375272,0.110115052,-342.9920003,-199.0348528,0.108497884
-310.1639083,-201,-0.169132284,-327.1090476,-201.1314807,-0.032073624,-328.8061224,-200.8156809,0.019189878,-330.5152793,-200.4962316,0.0605603,-332.146375,-200.2875904,0.071995891,-333.8266814,-200.0909672,0.086890267,-335.1819795,-199.7907402,0.109005452,-337.2335249,-199.5497906,0.12764224,-339.9311575,-199.4181874,0.116505176,-341.8445231,-199.2474507,0.110671258,-343.3211032,-199.046242,0.108754055
-310.433835,-201,-0.163765735,-327.4132985,-201.1312046,-0.029497329,-329.1114784,-200.8166557,0.021615297,-330.821544,-200.498562,0.062749847,-332.4544147,-200.2909752,0.073923316,-334.1368403,-200.0953848,0.088591666,-335.4923601,-199.7966129,0.110264642,-337.5450049,-199.5570147,0.128329341,-340.2572621,-199.426805,0.117206535,-342.1726587,-199.2573844,0.111184352,-343.6505406,-199.0576428,0.108969007
-310.7040981,-201,-0.158384906,-327.7178155,-201.1309177,-0.026953706,-329.4171003,-200.8176272,0.024010549,-331.1280746,-200.5008889,0.064893355,-332.7627205,-200.2943574,0.075807307,-334.4472653,-200.0998006,0.090249133,-335.8030069,-199.802485,0.111469177,-337.8567508,-199.564245,0.128967242,-340.5837029,-199.4354328,0.117863168,-342.5011293,-199.2673284,0.111654583,-343.9803124,-199.0690552,0.109143287
-310.9746982,-201,-0.152994333,-328.0225984,-201.1306199,-0.024442959,-329.7229882,-200.8185945,0.026374229,-331.4348712,-200.5032123,0.066990067,-333.0712923,-200.2977369,0.077647002,-334.7579578,-200.1042141,0.091861493,-336.1139214,-199.8083561,0.112618498,-338.1687625,-199.5714815,0.129556892,-340.9104801,-199.4440696,0.118474301,-342.8299349,-199.2772825,0.112082213,-344.3104185,-199.0804792,0.109277504
-311.2456356,-201,-0.14759839,-328.3276465,-201.1303105,-0.021966158,-330.0291426,-200.819557,0.028704855,-331.7419349,-200.5055315,0.069038601,-333.3801313,-200.3011133,0.079441175,-335.0689152,-200.1086252,0.093427902,-336.4251003,-199.8142258,0.113712203,-338.4810402,-199.5787243,0.130099159,-341.2375931,-199.4527148,0.119039852,-343.1590753,-199.2872466,0.11246759,-344.6408585,-199.0919147,0.109372338
-311.5169109,-201,-0.142201305,-328.6329614,-201.1299878,-0.019525316,-330.3355625,-200.8205135,0.031000775,-332.0492635,-200.5078469,0.07103863,-333.6892353,-200.3044864,0.081189067,-335.3801386,-200.1130344,0.094948249,-336.7365451,-199.8200952,0.114751005,-338.7935838,-199.5859733,0.130594885,-341.5650417,-199.4613686,0.119560405,-343.4885502,-199.2972209,0.112811274,-344.9716325,-199.1033618,0.109428523
-311.7885245,-201,-0.136807182,-328.9385423,-201.1296524,-0.01712009,-330.6422483,-200.8214651,0.033262298,-332.3568582,-200.5101587,0.072989693,-333.9986053,-200.3078569,0.082890455,-335.6916282,-200.1174417,0.096421978,-337.0482561,-199.8259643,0.115734948,-339.1063933,-199.5932284,0.131044981,-341.8928256,-199.4700311,0.120036834,-343.8183596,-199.3072055,0.113113914,-345.3027402,-199.1148204,0.10944685
-312.0604768,-201,-0.131420016,-329.2443892,-201.1293049,-0.014750109,-330.9492001,-200.822412,0.035488912,-332.6647188,-200.5124669,0.074891122,-334.3082413,-200.3112246,0.084544687,-336.0033854,-200.1218467,0.097848242,-337.3602353,-199.8318325,0.116663396,-339.4194687,-199.6004897,0.131450435,-342.2209448,-199.4787027,0.120469958,-344.1485032,-199.3172003,0.113376191,-345.6341814,-199.1262905,0.109428156
-312.3327682,-201,-0.126043702,-329.5505022,-201.1289477,-0.012413243,-331.2564178,-200.8233543,0.037680013,-332.9728467,-200.5147713,0.076741931,-334.6181447,-200.3145893,0.086150889,-336.3154073,-200.1262491,0.099226295,-337.672479,-199.8376984,0.117535002,-339.7328101,-199.6077571,0.131812291,-342.5493992,-199.4873832,0.120860478,-344.4789811,-199.3272051,0.11359852,-345.9659561,-199.1377722,0.109373322
-312.6053992,-201,-0.120682047,-329.8568811,-201.1285831,-0.010107488,-331.5639022,-200.8242913,0.039834244,-333.2812394,-200.5170715,0.078541273,-334.9283129,-200.3179506,0.087708071,-336.6276954,-200.1306496,0.100556301,-337.984989,-199.843562,0.118350072,-340.0464174,-199.6150307,0.132131625,-342.8781885,-199.4960725,0.121209095,-344.809793,-199.3372196,0.113781338,-346.2980639,-199.1492655,0.109283265
-312.8783701,-201,-0.115338776,-330.1635262,-201.1282139,-0.007830331,-331.8716519,-200.8252233,0.041951189,-333.5898982,-200.5193681,0.080289035,-335.2387472,-200.3213092,0.089216358,-336.9402496,-200.1350481,0.10183787,-338.2977644,-199.8494244,0.119109833,-340.3602907,-199.6223105,0.132409522,-343.2073127,-199.5047707,0.121516585,-345.1409387,-199.3472437,0.113925255,-346.6305048,-199.1607702,0.109158934
-313.1516812,-201,-0.110017534,-330.4704372,-201.1278399,-0.005582048,-332.1796677,-200.8261504,0.044030358,-333.898823,-200.5216609,0.081984598,-335.5494476,-200.3246649,0.090675261,-337.2530716,-200.1394443,0.103070371,-338.6108052,-199.8552882,0.119817267,-340.6744299,-199.6295964,0.132647082,-343.5367716,-199.5134777,0.121783819,-345.4724176,-199.3572782,0.114032077,-346.9632787,-199.1722865,0.109001307
-313.425333,-201,-0.104721907,-330.7776141,-201.1274605,-0.003363653,-332.4879494,-200.8270728,0.046071048,-334.2080151,-200.5239499,0.083627327,-335.8604155,-200.3280177,0.092084196,-337.5661582,-200.1438379,0.104253276,-338.9241105,-199.8611566,0.12047608,-340.9888351,-199.6368886,0.132845416,-343.8665649,-199.5221936,0.122011719,-345.8042297,-199.3673243,0.1141038,-347.2963852,-199.1838143,0.10881138
-313.6993258,-201,-0.099455412,-331.0850569,-201.1270746,-0.001176447,-332.7964979,-200.82799,0.048072216,-334.5174719,-200.5262345,0.085216265,-336.1716481,-200.3313669,0.093442099,-337.879511,-200.1482295,0.105387008,-339.2376818,-199.8670316,0.121088621,-341.3035064,-199.6441868,0.133005655,-344.1966926,-199.5309182,0.122201235,-346.1363749,-199.3773827,0.114142014,-347.6298243,-199.1953536,0.10859017
-313.9736598,-201,-0.094221491,-331.3927657,-201.1266819,0.000978921,-333.1053117,-200.8289018,0.050032997,-334.8271947,-200.5285158,0.086751941,-336.4831468,-200.3347132,0.094749421,-338.1931299,-200.152619,0.106471379,-339.5515193,-199.8729126,0.121655027,-341.6184436,-199.6514913,0.133128939,-344.5271544,-199.5396518,0.12235333,-346.4688549,-199.3874499,0.114144081,-347.9635957,-199.2069044,0.108338706
-314.2483354,-201,-0.08902347,-331.7007405,-201.1262831,0.003102952,-333.4143915,-200.8298088,0.051953248,-335.1371836,-200.5307938,0.088233941,-336.7949116,-200.3380568,0.096005859,-338.5070168,-200.1570062,0.107505778,-339.8656232,-199.8787989,0.122175168,-341.9336469,-199.6588019,0.133216411,-344.8579503,-199.5483941,0.122468984,-346.8016689,-199.3975215,0.114106725,-348.2976994,-199.2184667,0.108058023
-314.5233529,-201,-0.083864597,-332.0089812,-201.1258783,0.005195536,-333.7237374,-200.830711,0.053832294,-335.4474386,-200.5330679,0.089661361,-337.1069439,-200.3413974,0.09721106,-338.8211682,-200.1613906,0.108489806,-340.1799931,-199.8846897,0.122649115,-342.2491161,-199.6661187,0.133269221,-345.18908,-199.5571453,0.122549196,-347.134819,-199.4075928,0.11402606,-348.6321351,-199.2300405,0.107749168
-314.7987124,-201,-0.078748063,-332.3174881,-201.1254677,0.007256384,-334.0333502,-200.8316081,0.055669324,-335.7579617,-200.5353363,0.091031958,-337.419241,-200.3447343,0.098363965,-339.1355858,-200.1657728,0.109423916,-340.494629,-199.8905852,0.123077763,-342.5648515,-199.6734417,0.133288513,-345.5205435,-199.5659053,0.122594984,-347.4682982,-199.4176671,0.113906617,-348.9669027,-199.2416258,0.107413186
-315.0744143,-201,-0.073677014,-332.6262608,-201.1250504,0.009284359,-334.3432281,-200.8324997,0.05746309,-336.0687491,-200.5375994,0.092346017,-337.7318042,-200.3480683,0.099465181,-339.4502696,-200.170153,0.110308154,-340.8095308,-199.8964856,0.123462182,-342.8808529,-199.6807708,0.133275429,-345.8523404,-199.5746741,0.122607379,-347.8021089,-199.427749,0.113753907,-349.3020019,-199.2532226,0.107051124
-315.3504587,-201,-0.068654554,-332.9352995,-201.1246271,0.01127991,-334.6533722,-200.8333863,0.059213727,-336.3798019,-200.539859,0.093604961,-338.0446336,-200.3513992,0.100514514,-339.7652212,-200.174531,0.111142181,-341.1246987,-199.9023911,0.123803467,-343.1971203,-199.6881061,0.133231102,-346.1844707,-199.5834517,0.122587419,-348.1362505,-199.4378427,0.113573096,-349.6374327,-199.2648308,0.10666403
-315.6268457,-201,-0.063683758,-333.2446042,-201.1241977,0.01324268,-334.9637823,-200.8342681,0.060920634,-336.6911201,-200.5421179,0.094811371,-338.3577305,-200.3547272,0.10151185,-340.0804374,-200.1789067,0.111926137,-341.4401327,-199.9083016,0.124102584,-343.5136539,-199.6954476,0.133156655,-346.5169341,-199.5922381,0.122536145,-348.470725,-199.4479482,0.113365318,-349.9731948,-199.2764505,0.106252945
-315.9035757,-201,-0.05876765,-333.5541749,-201.1237624,0.015172338,-335.2744594,-200.8351449,0.062583226,-337.0027033,-200.5443791,0.095968135,-338.671092,-200.3580516,0.10245663,-340.3959201,-200.1832803,0.112660006,-341.7558327,-199.9142172,0.12436045,-343.8304535,-199.7027952,0.133053201,-346.8497306,-199.6010333,0.122454601,-348.8055316,-199.4580644,0.113130405,-350.3092881,-199.2880816,0.105818907
-316.1806487,-201,-0.053909181,-333.8640119,-201.1233202,0.017067789,-335.5854017,-200.8360159,0.064200081,-337.3145527,-200.5466439,0.097076232,-338.9847196,-200.3613734,0.10334987,-340.7116693,-200.1876508,0.113343104,-342.0717989,-199.9201377,0.124578031,-344.1475193,-199.7101491,0.132921832,-347.18286,-199.6098373,0.122343832,-349.1406703,-199.4681901,0.112868254,-350.6457124,-199.2997243,0.105362945
-316.4580648,-201,-0.049111215,-334.1741147,-201.1228719,0.018929309,-335.8966101,-200.8368819,0.065771602,-337.6266683,-200.5489113,0.098134834,-339.2986135,-200.3646925,0.104191327,-341.0276868,-200.1920168,0.113974073,-342.3880311,-199.9260632,0.124756352,-344.4648511,-199.717509,0.132763626,-347.516322,-199.6186502,0.122204878,-349.4761404,-199.4783254,0.112579873,-350.9824674,-199.3113783,0.104886082
-316.7358241,-201,-0.044376502,-334.4844835,-201.1224176,0.020756684,-336.2080845,-200.8377431,0.067297295,-337.93905,-200.5511808,0.099143107,-339.6127758,-200.3680078,0.104980112,-341.3439676,-200.1963803,0.114555212,-342.7045295,-199.9319937,0.124896493,-344.7824492,-199.7248752,0.13257964,-347.8501165,-199.6274717,0.122038775,-349.8119418,-199.4884706,0.112266594,-351.3195531,-199.3230438,0.104389327
-317.0139267,-201,-0.039707644,-334.7951183,-201.1219572,0.022549548,-336.5198251,-200.8385993,0.068776658,-338.2516979,-200.5534518,0.100100507,-339.9272025,-200.3713177,0.105714697,-341.6605139,-200.2007446,0.115090128,-343.0212939,-199.9379291,0.124999548,-345.1003133,-199.7322476,0.132370908,-348.1842434,-199.6363021,0.121846551,-350.1480744,-199.4986258,0.111929732,-351.6569693,-199.3347208,0.103873678
-317.2923728,-201,-0.03510708,-335.1060196,-201.1214901,0.024306885,-336.8318329,-200.8394495,0.070208299,-338.5646117,-200.5557244,0.101007214,-340.2418948,-200.3746238,0.10639676,-341.9773257,-200.2051125,0.115582111,-343.3383245,-199.9438696,0.125066612,-345.4184437,-199.7396261,0.132138441,-348.5187024,-199.6451413,0.121629225,-350.484538,-199.5087912,0.111570283,-351.9947157,-199.3464091,0.10334012
-317.5711623,-201,-0.030577065,-335.4171865,-201.1210166,0.026028679,-337.1441057,-200.8402945,0.071592675,-338.8777915,-200.5579989,0.101863522,-340.5568525,-200.3779288,0.107029031,-342.294403,-200.2094858,0.116033367,-343.6556213,-199.949815,0.125098783,-345.7368402,-199.7470107,0.131883226,-348.8534934,-199.6539892,0.121387802,-350.8213325,-199.5189667,0.111189152,-352.3327922,-199.3581089,0.102789621
-317.8502952,-201,-0.026119659,-335.7286196,-201.120537,0.027714847,-337.4566446,-200.8411347,0.072929636,-339.1912372,-200.5602755,0.102669692,-340.8720752,-200.3812356,0.107614655,-342.6117472,-200.2138638,0.116443644,-343.9731842,-199.9557655,0.12509716,-346.0555029,-199.7544016,0.131606224,-349.1886163,-199.6628459,0.121123273,-351.1584577,-199.529152,0.11078724,-352.6711987,-199.3698201,0.102223133
-318.1297717,-201,-0.021736722,-336.0403187,-201.1200514,0.029365019,-337.7694496,-200.8419701,0.074219068,-339.504949,-200.562554,0.103425868,-341.187564,-200.3845467,0.108156257,-342.9293577,-200.2182456,0.116812829,-344.2910132,-199.9617209,0.125062849,-346.3744319,-199.7617986,0.131308367,-349.5240708,-199.6717114,0.120836615,-351.4959135,-199.5393474,0.110365512,-353.0099348,-199.3815427,0.101641587
-318.4095916,-201,-0.017429909,-336.3522844,-201.119559,0.030978234,-338.0825219,-200.8428,0.075459951,-339.8189269,-200.5648346,0.104132145,-341.503319,-200.3878618,0.108653638,-343.2472348,-200.2226308,0.117141076,-344.6091085,-199.9676813,0.124996961,-346.693627,-199.7692018,0.130990561,-349.8598567,-199.6805856,0.120528782,-351.8336995,-199.5495527,0.109924942,-353.3490005,-199.3932768,0.101045895
-318.6897551,-201,-0.013200674,-336.6645157,-201.1190601,0.032554345,-338.3958594,-200.8436247,0.076652291,-340.1331708,-200.567117,0.104788663,-341.8193404,-200.3911801,0.109106238,-343.5653779,-200.2270192,0.117428927,-344.9274699,-199.9736467,0.124900601,-347.0130884,-199.7766112,0.130653685,-350.195974,-199.6894686,0.120200711,-352.1718157,-199.559768,0.109466482,-353.6883956,-199.4050222,0.100436947
-318.970262,-201,-0.009050283,-336.9770132,-201.1185551,0.034093346,-338.7094631,-200.8444434,0.077795139,-340.4476808,-200.5694013,0.105395614,-342.1356282,-200.3945008,0.109513636,-343.8837873,-200.2314107,0.117677176,-345.2460976,-199.979617,0.12477487,-347.3328161,-199.7840268,0.130298588,-350.5324223,-199.6983603,0.119853317,-352.5102618,-199.5699933,0.108991042,-354.0281199,-199.416779,0.099815612
-319.2511124,-201,-0.004979815,-337.2897768,-201.1180439,0.035594886,-339.0233344,-200.8452554,0.078887653,-340.7624569,-200.5716876,0.10595322,-342.452182,-200.397824,0.109876146,-344.2024628,-200.2358055,0.117886885,-345.5649915,-199.9855924,0.124620862,-347.65281,-199.7914485,0.12992609,-350.8692016,-199.7072608,0.11948749,-352.8490378,-199.5802285,0.108499509,-354.3681731,-199.4285472,0.099182728
-319.5323062,-201,-0.000990181,-337.602807,-201.117526,0.037058041,-339.3374698,-200.8460613,0.07993011,-341.077499,-200.5739758,0.106461724,-342.7690018,-200.4011498,0.110194436,-344.5214039,-200.2402047,0.118059873,-345.8841516,-199.9915728,0.124439658,-347.9730702,-199.7988764,0.129536985,-351.2063117,-199.71617,0.119104099,-353.1881433,-199.5904737,0.107992747,-354.7085552,-199.4403268,0.098539076
-319.8138434,-201,0.002917862,-337.9161029,-201.1170015,0.038482717,-339.6518708,-200.8468651,0.080926567,-341.3928072,-200.5762659,0.106921382,-343.0860878,-200.4044785,0.110469179,-344.8406112,-200.2446094,0.118198163,-346.203578,-199.9975581,0.124232329,-348.2935967,-199.8063105,0.129132039,-351.5437523,-199.725088,0.118703984,-353.5275782,-199.6007288,0.107471605,-355.0492658,-199.4521177,0.097885405
-320.0957239,-201,0.006743704,-338.2296649,-201.1164709,0.039868948,-339.9665375,-200.8476697,0.081879768,-341.7083816,-200.578558,0.10733248,-343.40344,-200.40781,0.110700989,-345.1600851,-200.2490193,0.118302518,-346.5232706,-200.0035484,0.123999932,-348.6143895,-199.8137508,0.12871199,-351.8815233,-199.7340147,0.118287963,-353.8673424,-199.6109939,0.106936905,-355.390305,-199.4639201,0.097222448
-320.3779478,-201,0.010486863,-338.543493,-201.115934,0.041216379,-340.28147,-200.8484765,0.082791085,-342.024222,-200.580852,0.107695352,-343.7210584,-200.4111445,0.110890427,-345.4798263,-200.2534317,0.118371115,-346.8432295,-200.0095438,0.123743508,-348.9354486,-199.8211972,0.128277549,-352.2196246,-199.7429501,0.117856824,-354.2074356,-199.621269,0.10638945,-355.7316723,-199.4757337,0.09655092
-320.6605149,-201,0.014146972,-338.857588,-201.1153901,0.042523982,-340.5966691,-200.849285,0.083660058,-342.3403286,-200.583148,0.108010392,-344.038943,-200.4144817,0.111038141,-345.7998376,-200.2578413,0.118399573,-347.1634547,-200.0155441,0.123464079,-349.256774,-199.8286498,0.127829404,-352.5580558,-199.7518942,0.117411331,-354.5478577,-199.6315539,0.105830013,-356.0733678,-199.4875588,0.095871526
-320.9434252,-201,0.017723772,-339.1719486,-201.1148396,0.04379185,-340.9121345,-200.8500943,0.08448569,-342.6567013,-200.5854458,0.10827806,-344.3570938,-200.4178216,0.111144881,-346.1201134,-200.2622459,0.118386835,-347.4839462,-200.0215494,0.123162649,-349.5783658,-199.8361086,0.127368216,-352.896817,-199.7608471,0.116952221,-354.8886085,-199.6418488,0.10525934,-356.4153911,-199.4993951,0.095184959
-321.2266786,-201,0.0212171,-339.4865753,-201.114283,0.045020217,-341.2278661,-200.8509039,0.085267568,-342.9733401,-200.5877456,0.108498888,-344.6755109,-200.4211644,0.11121149,-346.4406548,-200.2666476,0.118335768,-347.804704,-200.0275597,0.122840199,-349.900224,-199.8435736,0.126894624,-353.2359078,-199.7698086,0.116480202,-355.2296877,-199.6521537,0.104678156,-356.757742,-199.5112429,0.094491899
-321.5102752,-201,0.024626881,-339.8014681,-201.1137203,0.046209058,-341.5438639,-200.8517138,0.086005834,-343.2902451,-200.5900474,0.108673482,-344.9941941,-200.4245099,0.11123887,-346.7614611,-200.27105,0.11825128,-348.1257282,-200.033575,0.122497688,-350.2223485,-199.8510448,0.126409244,-353.5753281,-199.7787789,0.11599596,-355.5710953,-199.6624684,0.104087157,-357.1004205,-199.5231019,0.093793012
-321.7942148,-201,0.027953117,-340.1166279,-201.113151,0.047357481,-341.8601277,-200.8525244,0.086700826,-343.6074162,-200.5923511,0.108802523,-345.3131436,-200.4278583,0.111227957,-347.0825329,-200.2754573,0.118138439,-348.4470187,-200.0395952,0.12213605,-350.5447394,-199.8585221,0.125912671,-353.9150777,-199.7877579,0.115500151,-355.9128309,-199.6727931,0.103487016,-357.4434263,-199.5349723,0.093088937
-322.0784975,-201,0.031195889,-340.4320534,-201.112575,0.048465253,-342.1766577,-200.8533357,0.087352839,-343.9248535,-200.5946567,0.108886766,-345.6323594,-200.4312094,0.111179722,-347.4038712,-200.2798702,0.117998865,-348.7685755,-200.0456205,0.121756194,-350.8673967,-199.8660056,0.125405482,-354.2551564,-199.7967456,0.114993408,-356.2548945,-199.6831276,0.10287838,-357.7867592,-199.546854,0.092380284
-322.3631231,-201,0.034355341,-340.7477451,-201.1119917,0.049531582,-342.4934539,-200.8541479,0.087962009,-344.242557,-200.5969642,0.10892704,-345.9518414,-200.4345633,0.111095169,-347.7254762,-200.2842876,0.117832568,-349.0903987,-200.0516508,0.121359004,-351.1903204,-199.8734953,0.124888233,-354.595564,-199.8057419,0.114476341,-356.5972858,-199.6934721,0.102261873,-358.130419,-199.558747,0.091667614
-322.6480916,-201,0.037431684,-341.0637032,-201.1114005,0.050555764,-342.8105164,-200.8549607,0.088528447,-344.5605266,-200.5992737,0.108924244,-346.2715897,-200.4379201,0.110975334,-348.047348,-200.2887084,0.117639439,-349.4124883,-200.057686,0.120945336,-351.5135105,-199.8809911,0.124361465,-354.9363004,-199.814747,0.113949534,-356.9400047,-199.7038264,0.101638095,-358.4744055,-199.5706513,0.090951414
-322.9334031,-201,0.04042519,-341.3799276,-201.1108022,0.051538489,-343.1278451,-200.8557742,0.089052293,-344.8787625,-200.6015851,0.108879338,-346.5916043,-200.4412796,0.11082128,-348.369486,-200.2931324,0.117420215,-349.7348443,-200.0637263,0.12051602,-351.836967,-199.8884932,0.123825702,-355.2773653,-199.8237607,0.113413549,-357.2830509,-199.7141907,0.101007623,-358.8187186,-199.5825669,0.090232111
-323.2190574,-201,0.043336183,-341.6964172,-201.110201,0.052483911,-343.44544,-200.8565883,0.089533761,-345.1972646,-200.6038984,0.108793341,-346.9118852,-200.4446419,0.110634089,-348.6918904,-200.2975597,0.117176165,-350.0574667,-200.0697715,0.120071859,-352.16069,-199.8960014,0.123281456,-355.6187586,-199.8327832,0.112868928,-357.6264242,-199.7245648,0.100371013,-359.163358,-199.5944938,0.089510085
-323.5050545,-201,0.046165044,-342.0131728,-201.1095998,0.053394729,-343.7633011,-200.8574031,0.089973105,-345.5160329,-200.6062137,0.10866732,-347.2324324,-200.448007,0.110414858,-349.014561,-200.3019907,0.116908567,-350.3803556,-200.0758217,0.119613627,-352.4846795,-199.9035158,0.122729224,-355.9604801,-199.8418142,0.112316192,-357.9701246,-199.7349488,0.099728799,-359.5083236,-199.606432,0.088785741
-323.7913943,-201,0.048912197,-342.3301944,-201.1089997,0.054272005,-344.0814284,-200.8582186,0.090370596,-345.8350674,-200.6085309,0.108502388,-347.5532459,-200.451375,0.110164692,-349.3374982,-200.3064256,0.116618516,-350.7035108,-200.0818769,0.11914207,-352.8089354,-199.9110364,0.122169492,-356.3025296,-199.850854,0.111755842,-358.3141517,-199.7453427,0.099081492,-359.853615,-199.6183815,0.088059434
-324.078077,-201,0.051578114,-342.6474827,-201.1083999,0.055115066,-344.3998221,-200.8590348,0.090726515,-346.1543682,-200.61085,0.108299693,-347.8743258,-200.4547457,0.109884705,-349.6607018,-200.3108642,0.116306898,-351.0269325,-200.0879371,0.11865791,-353.1334578,-199.9185632,0.121602738,-356.6449069,-199.8599024,0.111188363,-358.6585054,-199.7557465,0.098429548,-360.1992323,-199.6303425,0.087331394
-324.3651024,-201,0.054163305,-342.9650373,-201.1077996,0.055922938,-344.7184819,-200.8598517,0.091041153,-346.4739352,-200.6131711,0.108060414,-348.195672,-200.4581192,0.109576012,-349.9841718,-200.3153064,0.115974589,-351.3506207,-200.0940023,0.118161846,-353.4582466,-199.9260961,0.121029428,-356.9876118,-199.8689595,0.110614223,-359.0031855,-199.7661601,0.097773401,-360.5451752,-199.6423146,0.086601451
-324.6524704,-201,0.056668318,-343.2828582,-201.1071984,0.056695269,-345.0374081,-200.8606693,0.091314816,-346.7937686,-200.6154941,0.107785752,-348.5172846,-200.4614955,0.109239729,-350.3079084,-200.3197522,0.115622479,-351.6745753,-200.1000725,0.117654556,-353.783302,-199.9336352,0.120450023,-357.3306441,-199.8780252,0.110033874,-359.3481918,-199.7765836,0.097113476,-360.8914436,-199.6542975,0.085869324
-324.9401812,-201,0.059093729,-343.6009453,-201.1065965,0.057432213,-345.3566005,-200.8614875,0.091547831,-347.1138682,-200.6178191,0.107476928,-348.8391636,-200.4648746,0.108876971,-350.6319114,-200.3242017,0.115251507,-351.9987964,-200.1061477,0.117136691,-354.1086239,-199.9411805,0.119864978,-357.6740036,-199.8870996,0.109447754,-359.6935241,-199.7870169,0.09645019,-361.238037,-199.6662911,0.085135158
-325.2282346,-201,0.061440145,-343.9192987,-201.1059939,0.05813408,-345.6760592,-200.8623064,0.091740545,-347.4342341,-200.6201459,0.107135176,-349.161309,-200.4682565,0.10848885,-350.9561809,-200.3286549,0.114862591,-352.323284,-200.1122279,0.116608868,-354.4342123,-199.948732,0.119274741,-358.0176902,-199.8961826,0.10885629,-360.0391822,-199.79746,0.095783965,-361.5849551,-199.6782967,0.084400118
-325.5166307,-201,0.063708195,-344.2379184,-201.105391,0.058801074,-345.9957842,-200.8631261,0.091893317,-347.7548663,-200.6224748,0.106761738,-349.4837208,-200.4716412,0.108076467,-351.2807168,-200.3331117,0.114456616,-352.6480382,-200.1183131,0.116071667,-354.7600672,-199.9562897,0.118679756,-358.3617036,-199.9052743,0.108259895,-360.3851659,-199.807913,0.095115221,-361.9321973,-199.6903158,0.08366579
-325.8053695,-201,0.065898526,-344.5568044,-201.1047877,0.059433259,-346.3157755,-200.8639463,0.092006518,-348.0757648,-200.6248055,0.106357863,-349.806399,-200.4750287,0.107640918,-351.6055194,-200.3375722,0.114034433,-352.9730588,-200.1244032,0.115525651,-355.0861887,-199.9638535,0.118080462,-358.7060436,-199.9143746,0.107658975,-360.731475,-199.8183759,0.094444383,-362.279765,-199.7023474,0.082930952
-326.0944509,-201,0.068011802,-344.8759568,-201.1041839,0.060030681,-346.6360331,-200.8647673,0.092080535,-348.3969297,-200.6271382,0.1059248,-350.1293436,-200.478419,0.107183286,-351.9305884,-200.3420363,0.113596865,-353.298346,-200.1304983,0.114971408,-355.4125767,-199.9714236,0.117477294,-359.0507102,-199.9234835,0.107053926,-361.0781093,-199.8288485,0.093771868,-362.6276594,-199.7143868,0.082190831
-326.3838749,-201,0.070048696,-345.1953755,-201.1035795,0.060593422,-346.956557,-200.865589,0.092115763,-348.718361,-200.6294728,0.105463794,-350.4525546,-200.481812,0.106704641,-352.2559239,-200.3465041,0.113144716,-353.6238996,-200.1365985,0.114409563,-355.7392312,-199.9789998,0.116870685,-359.3957029,-199.9326011,0.106445137,-361.4250687,-199.839331,0.093098081,-362.9758779,-199.7264278,0.08143921
-326.6736416,-201,0.072009893,-345.5150606,-201.1029746,0.061121632,-347.2773473,-200.8664113,0.092112612,-349.0400586,-200.6318093,0.104976088,-350.7760322,-200.4852079,0.106206039,-352.581526,-200.3509756,0.112678768,-353.9497198,-200.1427038,0.113840729,-356.0661523,-199.9865822,0.116261065,-359.7410218,-199.9417272,0.105832989,-361.7723529,-199.8498233,0.092423404,-363.3244202,-199.7384708,0.0806763
-326.9637509,-201,0.073896079,-345.835012,-201.1023693,0.06161549,-347.5984039,-200.8672343,0.092071502,-349.3620226,-200.6341478,0.104462917,-351.0997762,-200.4886066,0.105688518,-352.9073947,-200.3554507,0.11219978,-354.2758066,-200.1488142,0.113265333,-356.39334,-199.9941708,0.115648861,-360.0866665,-199.950862,0.105217858,-362.1199617,-199.8603254,0.09174819,-363.6732858,-199.7505196,0.079905883
-327.2542029,-201,0.075707947,-346.1552298,-201.1017634,0.062075185,-347.9197268,-200.868058,0.091992862,-349.684253,-200.6364882,0.103925504,-351.4237867,-200.4920081,0.105153099,-353.2335299,-200.3599295,0.111708488,-354.6021602,-200.1549293,0.1126836,-356.7207943,-200.0017655,0.115034502,-360.4326369,-199.9600054,0.104600113,-362.467895,-199.8708373,0.091072752,-364.0224737,-199.76258,0.079133488
-327.5449975,-201,0.077446187,-346.475714,-201.101157,0.062500887,-348.2413161,-200.8688824,0.091877132,-350.0067498,-200.6388306,0.103365062,-351.7480636,-200.4954124,0.104600782,-353.5599317,-200.364412,0.111205598,-354.9287802,-200.1610489,0.112095643,-357.0485152,-200.0093665,0.114418411,-360.7789328,-199.9691574,0.103980121,-362.8161525,-199.881359,0.090397361,-364.3719848,-199.7746538,0.078360855
-327.8361348,-201,0.079111492,-346.7964645,-201.1005501,0.062892783,-348.5631718,-200.8697075,0.091724761,-350.3295131,-200.6411749,0.102782788,-352.0726071,-200.4988194,0.104032543,-353.8866001,-200.3688981,0.110691794,-355.2556667,-200.1671732,0.111502229,-357.3765026,-200.0169736,0.113801015,-361.1255539,-199.978318,0.103358242,-363.164734,-199.8918905,0.08972224,-364.7218196,-199.7867401,0.07758675
-328.1276147,-201,0.080704556,-347.1174814,-201.0999427,0.063251081,-348.8852938,-200.8705332,0.091536206,-350.6525427,-200.6435211,0.102179861,-352.3974171,-200.5022293,0.103449338,-354.2135351,-200.3733878,0.110167735,-355.5828196,-200.1733031,0.110904786,-357.7047567,-200.0245869,0.113182737,-361.4725002,-199.9874871,0.102734837,-363.5136394,-199.9024317,0.089047562,-365.0719775,-199.7988373,0.076809512
-328.4194373,-201,0.082226058,-347.4387648,-201.0993348,0.063576015,-349.2076823,-200.8713597,0.091311932,-350.9758389,-200.6458693,0.101557443,-352.7224937,-200.505642,0.102852096,-354.5407367,-200.3778813,0.109634058,-355.9102381,-200.1794402,0.110305213,-358.0332774,-200.0322064,0.112564001,-361.8197713,-199.9966649,0.102110263,-363.8628684,-199.9129828,0.08837345,-365.4224582,-199.8109449,0.076028588
-328.7116025,-201,0.08367668,-347.7603145,-201.0987264,0.063867845,-349.5303371,-200.8721868,0.091052412,-351.2994015,-200.6482194,0.100916675,-353.0478367,-200.5090574,0.102241724,-354.8682049,-200.3823784,0.109091376,-356.2379245,-200.1855835,0.109703062,-358.3620647,-200.0398321,0.111945229,-362.1673672,-200.0058512,0.101484874,-364.2124208,-199.9235436,0.087699978,-365.7732613,-199.8230635,0.075244223
-329.0041105,-201,0.085057099,-348.0821307,-201.0981175,0.064126846,-349.8532583,-200.8730146,0.090758125,-351.6232306,-200.6505714,0.100258673,-353.3734464,-200.5124757,0.101619098,-355.1959397,-200.3868791,0.108540282,-356.5658785,-200.1917295,0.10909514,-358.6911186,-200.047464,0.111326844,-362.5152875,-200.0150462,0.100859026,-364.5622965,-199.9341142,0.087027175,-366.1243864,-199.8351933,0.074456599
-329.2969611,-201,0.086367991,-348.4042133,-201.0975081,0.06435331,-350.176446,-200.8738431,0.09042956,-351.9473261,-200.6529254,0.099584531,-353.6993226,-200.5158968,0.10098507,-355.5239412,-200.3913835,0.107981344,-356.8941027,-200.1978727,0.108476575,-359.0204392,-200.055102,0.110709265,-362.8635321,-200.0242496,0.100233075,-364.9124952,-199.9446945,0.086355026,-366.4758326,-199.8473343,0.07366563
-329.5901545,-201,0.087610024,-348.7265624,-201.0968982,0.064547544,-350.4999001,-200.8746722,0.09006721,-352.2716882,-200.6552813,0.098895312,-354.0254653,-200.5193206,0.100340466,-355.8522093,-200.3958916,0.107415114,-357.2225911,-200.2040116,0.107846135,-359.3500264,-200.0627463,0.11009291,-363.2121009,-200.0334617,0.099607373,-365.2630168,-199.9552846,0.085683479,-366.8275984,-199.8594865,0.072871062
-329.8836906,-201,0.088783863,-349.0491779,-201.0962878,0.06470987,-350.8236206,-200.8755021,0.089671572,-352.5963168,-200.6576391,0.098192013,-354.3518747,-200.5227473,0.099686081,-356.180744,-200.4004033,0.106842122,-357.5513454,-200.2101499,0.107207977,-359.6798802,-200.0703967,0.109478197,-363.5609935,-200.0426823,0.098982271,-365.6138609,-199.9658845,0.085012451,-367.1796817,-199.8716495,0.072072683
-330.1775694,-201,0.089890172,-349.3720598,-201.0956768,0.064840619,-351.1476076,-200.8763326,0.089243153,-352.921212,-200.6599989,0.097475599,-354.6785507,-200.5261767,0.099022682,-356.5095454,-200.4049187,0.106262883,-357.8803648,-200.2162918,0.106566787,-360.0100007,-200.0780533,0.108865536,-363.9102098,-200.0519115,0.098358083,-365.9650271,-199.9764941,0.084341827,-367.5320798,-199.8838234,0.071270386
-330.471791,-201,0.090929611,-349.6952082,-201.0950654,0.064940135,-351.471861,-200.8771638,0.088782463,-353.2463737,-200.6623606,0.09674701,-355.0054932,-200.529609,0.098350969,-356.8386135,-200.4094378,0.105677892,-358.2096508,-200.2224407,0.105926359,-360.3403878,-200.0857161,0.108255338,-364.2597497,-200.0611492,0.097735119,-366.3165144,-199.9871133,0.083671474,-367.8847894,-199.8960081,0.070464101
-330.7663553,-201,0.09190284,-350.0186231,-201.0944535,0.065008773,-351.7963808,-200.8779957,0.088290018,-353.5718019,-200.6647242,0.096007165,-355.3327024,-200.5330441,0.097671611,-357.1679482,-200.4139605,0.105087629,-358.5392036,-200.2285961,0.10528658,-360.6710417,-200.093385,0.107648007,-364.6096128,-200.0703954,0.097113699,-366.6683215,-199.9977423,0.083001237,-368.2378067,-199.9082034,0.069653769
-331.0612624,-201,0.092810516,-350.3423045,-201.0938411,0.065046894,-352.1211672,-200.8788283,0.087766337,-353.8974967,-200.6670898,0.095256968,-355.6601782,-200.5364819,0.096985255,-357.4975497,-200.4184869,0.104492561,-358.8690235,-200.2347569,0.104646717,-361.0019621,-200.1010602,0.107043942,-364.9597991,-200.0796502,0.096494151,-367.020446,-200.0083808,0.08233095,-368.5911278,-199.9204092,0.068839324
-331.3565123,-201,0.093653309,-350.6662524,-201.0932281,0.065054869,-352.44622,-200.8796616,0.087211938,-354.2234581,-200.6694573,0.094497308,-355.9879207,-200.5399226,0.096292536,-357.8274178,-200.423017,0.103893141,-359.1991101,-200.2409222,0.104006218,-361.3331493,-200.1087415,0.106443537,-365.3103082,-200.0889136,0.09587682,-367.3728854,-200.0190288,0.081660432,-368.9447485,-199.9326253,0.068020712
-331.652105,-201,0.094431887,-350.9904667,-201.0926147,0.065033074,-352.7715394,-200.8804955,0.086627318,-354.549686,-200.6718268,0.093729059,-356.3159298,-200.543366,0.095594076,-358.1575525,-200.4275507,0.103289807,-359.5294634,-200.247092,0.10336561,-361.6646031,-200.1164291,0.105847178,-365.66114,-200.0981854,0.095262064,-367.7256363,-200.0296863,0.080989498,-369.2986641,-199.9448516,0.067197904
-331.9480405,-201,0.095146921,-351.3149476,-201.0920007,0.064981894,-353.0971252,-200.8813302,0.086012994,-354.8761806,-200.6741982,0.092953068,-356.6442055,-200.5468123,0.094890493,-358.487954,-200.4320881,0.102682989,-359.8600832,-200.2532667,0.102725587,-361.9963236,-200.1241228,0.105255247,-366.012294,-200.1074658,0.094650253,-368.0786951,-200.040353,0.080317954,-369.6528702,-199.957088,0.066370895
-332.2443187,-201,0.095799089,-351.639695,-201.0913863,0.06490172,-353.4229775,-200.8821655,0.085369492,-355.2029418,-200.6765715,0.092170151,-356.972748,-200.5502613,0.094182396,-358.8186222,-200.4366291,0.102073105,-360.1909697,-200.2594465,0.102086806,-362.3283108,-200.1318227,0.104668113,-366.3637695,-200.1167547,0.094041761,-368.4320577,-200.051029,0.079645606,-370.0073621,-199.9693342,0.065539698
-332.5409398,-201,0.096389079,-351.9647089,-201.0907713,0.064792946,-353.7490964,-200.8830015,0.08469735,-355.5299696,-200.6789468,0.091381078,-357.301557,-200.5537132,0.093470376,-359.1495571,-200.4411738,0.101460563,-360.5221229,-200.2656314,0.101449618,-362.6605647,-200.1395288,0.104086136,-366.715565,-200.126052,0.093436954,-368.7857199,-200.061714,0.078972255,-370.3621352,-199.9815902,0.064704347
-332.8379037,-201,0.096917584,-352.2899894,-201.0901559,0.064655974,-354.0754817,-200.8838382,0.083997119,-355.857264,-200.681324,0.090586571,-357.6306328,-200.5571678,0.092755004,-359.4807587,-200.4457222,0.100845764,-360.8535428,-200.2718213,0.100814327,-362.9930852,-200.147241,0.10350967,-367.0676785,-200.1353578,0.092836186,-369.1396771,-200.0724079,0.078297704,-370.7171851,-199.9938557,0.063864895
-333.1352104,-201,0.09738531,-352.6155364,-201.0895399,0.06449121,-354.4021337,-200.8846755,0.083269357,-356.1848251,-200.6837031,0.089787287,-357.9599752,-200.5606253,0.092036815,-359.812227,-200.4502742,0.100229101,-361.1852294,-200.2780161,0.100181239,-363.3258725,-200.1549595,0.102939059,-367.4201075,-200.1446718,0.092239784,-369.4939249,-200.0831105,0.07762176,-371.0725075,-200.0061307,0.063021412
-333.4328598,-201,0.09779297,-352.94135,-201.0889234,0.064299065,-354.7290521,-200.8855136,0.082514631,-356.5126528,-200.6860842,0.088983818,-358.2895844,-200.5640855,0.091316306,-360.143962,-200.4548299,0.099610958,-361.5171827,-200.2842159,0.099550738,-363.6589264,-200.1626841,0.10237464,-367.7728488,-200.1539942,0.091648043,-369.8484585,-200.0938218,0.07694423,-371.4280989,-200.0184149,0.062173988
-333.7308521,-201,0.09814129,-353.2674301,-201.0883065,0.064079955,-355.0562371,-200.8863523,0.081733514,-356.8407472,-200.6884672,0.088176686,-358.6194602,-200.5675486,0.090593921,-360.4759638,-200.4593892,0.098991711,-361.8494028,-200.2904207,0.098923213,-363.9922471,-200.170415,0.101816743,-368.1258987,-200.1633246,0.091061215,-370.2032733,-200.1045417,0.076264928,-371.7839563,-200.0307083,0.061322732
-334.0291872,-201,0.098431008,-353.5937768,-201.087689,0.063834299,-355.3836887,-200.8871917,0.080926583,-357.1691083,-200.6908521,0.08736634,-358.9496027,-200.5710145,0.08987005,-360.8082322,-200.4639522,0.09837169,-362.1818895,-200.2966305,0.098299006,-364.3258344,-200.178152,0.101265667,-368.4792533,-200.1726632,0.090479507,-370.558365,-200.1152698,0.075583676,-372.1400777,-200.0430108,0.060467767
-334.327865,-201,0.098662872,-353.92039,-201.087071,0.063562519,-355.7114069,-200.8880318,0.080094423,-357.497736,-200.693239,0.086553155,-359.280012,-200.5744831,0.089145022,-361.1407674,-200.4685189,0.097751218,-362.5146429,-200.3028452,0.097678431,-364.6596884,-200.1858952,0.100721689,-368.8329084,-200.1820096,0.089903075,-370.9137292,-200.1260062,0.0749003,-372.496462,-200.0553224,0.059609235
-334.6268856,-201,0.098837644,-354.2472699,-201.0864525,0.063265042,-356.0393916,-200.8888726,0.07923762,-357.8266304,-200.6956278,0.085737434,-359.6106879,-200.5779546,0.088419108,-361.4735694,-200.4730892,0.097130618,-362.8476631,-200.309065,0.097061801,-364.9938092,-200.1936445,0.100185067,-369.1868595,-200.1913639,0.089332024,-371.2693625,-200.1367508,0.074214638,-372.8531089,-200.0676431,0.058747291
-334.926249,-201,0.098956101,-354.5744163,-201.0858335,0.062942299,-356.3676429,-200.8897141,0.078356763,-358.1557915,-200.6980186,0.084919415,-359.9416306,-200.5814288,0.087692512,-361.806638,-200.4776632,0.096510221,-363.18095,-200.3152897,0.096449432,-365.3281966,-200.2014,0.099656108,-369.541102,-200.2007259,0.088766417,-371.6252619,-200.1475033,0.073526535,-373.2100192,-200.0799729,0.057882104
-335.2259551,-201,0.099019032,-354.9018293,-201.085214,0.062594721,-356.6961608,-200.8905562,0.077452445,-358.4852193,-200.7004113,0.084099269,-360.27284,-200.5849059,0.086965382,-362.1399734,-200.4822409,0.095890369,-363.5145036,-200.3215194,0.095841659,-365.6628507,-200.2091618,0.099135149,-369.8956314,-200.2100955,0.08820627,-371.9814252,-200.1582639,0.072835849,-373.5671937,-200.0923118,0.057013857
-335.5260039,-201,0.099027243,-355.229509,-201.084594,0.062222745,-357.0249454,-200.891399,0.07652526,-358.8149138,-200.7028059,0.083277112,-360.6043161,-200.5883857,0.086237808,-362.4735756,-200.4868222,0.095271419,-363.8483239,-200.3277541,0.095238823,-365.9977714,-200.2169299,0.098622489,-370.250443,-200.2194726,0.087651544,-372.3378514,-200.1690324,0.072142448,-373.9246331,-200.1046599,0.05614275
-335.8263955,-201,0.098981556,-355.5574552,-201.0839735,0.061826807,-357.3539965,-200.8922426,0.075575804,-359.144875,-200.7052025,0.082453007,-360.936059,-200.5918684,0.085509828,-362.8074444,-200.4914072,0.094653736,-364.182411,-200.3339937,0.094641273,-366.3329589,-200.2247043,0.098118178,-370.6055323,-200.228857,0.087102129,-372.6945404,-200.1798088,0.071446211,-374.2823378,-200.1170171,0.055268991
-336.1271297,-201,0.098882806,-355.8856681,-201.0833525,0.061407348,-357.6833143,-200.8930868,0.074604675,-359.4751029,-200.707601,0.081626974,-361.2680686,-200.5953538,0.084781434,-363.14158,-200.4959959,0.094037688,-364.5167647,-200.3402384,0.094049351,-366.6684132,-200.2324845,0.097622096,-370.960895,-200.2382485,0.086557883,-373.0514928,-200.1905932,0.070747033,-374.6403082,-200.1293835,0.054392805
-336.4282065,-201,0.098731848,-356.2141476,-201.082731,0.060964811,-358.0128987,-200.8939316,0.073612472,-359.8055975,-200.7100014,0.080798991,-361.6003449,-200.5988421,0.084052574,-363.4759824,-200.5005882,0.093423636,-364.8513852,-200.346488,0.093463388,-367.0041343,-200.2402703,0.097134058,-371.3165275,-200.2476472,0.08601868,-373.4087094,-200.2013856,0.070044822,-374.9985441,-200.1417591,0.053514426
-336.729626,-201,0.09852955,-356.5428937,-201.082109,0.060499638,-358.3427497,-200.8947772,0.072599797,-360.1363589,-200.7124038,0.079969006,-361.932888,-200.6023331,0.083323164,-363.8106514,-200.5051842,0.092811922,-365.1862724,-200.3527426,0.092883691,-367.3401218,-200.2480622,0.096654787,-371.6724265,-200.257053,0.08548444,-373.7661909,-200.212186,0.069339502,-375.3570453,-200.1541439,0.052634098
-337.0313881,-201,0.098276797,-356.8719065,-201.0814865,0.060012275,-358.6728674,-200.8956235,0.07156725,-360.4673869,-200.7148081,0.07913694,-362.2656978,-200.605827,0.082593087,-364.1455873,-200.5097838,0.092202861,-365.5214263,-200.3590022,0.092310532,-367.6763757,-200.2558613,0.096185598,-372.02859,-200.266466,0.08495504,-374.1239379,-200.2229944,0.068631011,-375.7158119,-200.1665378,0.051752075
-337.3334928,-201,0.097974492,-357.2011859,-201.0808634,0.059503168,-359.0032517,-200.8964704,0.070515436,-360.7986817,-200.7172144,0.078302693,-362.5987743,-200.6093236,0.081862202,-364.4807898,-200.5143871,0.091596732,-365.856847,-200.3652668,0.091744144,-368.0128956,-200.263669,0.095728061,-372.3850165,-200.2758859,0.084430087,-374.4819505,-200.2338108,0.067919305,-376.0748437,-200.1789409,0.050868617
-337.63594,-201,0.097623552,-357.530732,-201.0802399,0.058972767,-359.3339027,-200.897318,0.069444957,-361.1302432,-200.7196226,0.077466148,-362.9321176,-200.6128231,0.081130352,-364.8162591,-200.5189941,0.090993771,-366.1925343,-200.3715363,0.091184712,-368.3496836,-200.2714832,0.095280149,-372.7417059,-200.2853124,0.083908955,-374.8402286,-200.2446352,0.067204356,-376.4341407,-200.1913531,0.049983991
-337.9387297,-201,0.09722491,-357.8605447,-201.0796159,0.05842152,-359.6648203,-200.8981663,0.068356418,-361.4620715,-200.7220327,0.076627179,-363.2657276,-200.6163253,0.08039736,-365.1519951,-200.5236047,0.090394168,-366.5284884,-200.3778109,0.090632367,-368.6867411,-200.2792996,0.094837752,-373.0986587,-200.2947451,0.083391039,-375.1987722,-200.2554677,0.06648615,-376.793703,-200.2037745,0.049098468
-338.2418619,-201,0.096779512,-358.1906241,-201.0789913,0.057849877,-359.9960046,-200.8990153,0.067250424,-361.7941665,-200.7244448,0.07578565,-363.5996043,-200.6198304,0.079663042,-365.4879979,-200.528219,0.089798059,-366.8647091,-200.3840904,0.090087187,-369.0240644,-200.287112,0.094394875,-373.4558751,-200.3041851,0.082877002,-375.5575812,-200.2663082,0.065764692,-377.1535306,-200.2162051,0.048212327
-338.5453365,-201,0.096288319,-358.5209702,-201.0783663,0.057258291,-360.3274556,-200.899865,0.066127582,-362.1265282,-200.7268588,0.074941426,-363.9337479,-200.6233382,0.078927207,-365.8242673,-200.532837,0.08920553,-367.2011966,-200.3903749,0.089549193,-369.3616538,-200.2949223,0.093953478,-373.8133558,-200.3136339,0.082368203,-375.9166553,-200.2771567,0.06504,-377.1535306,-200.2162051,0.048212327
-338.8491535,-201,0.095752307,-358.8515829,-201.0777407,0.056647213,-360.6591733,-200.9007153,0.064988497,-362.4591567,-200.7292747,0.074094369,-364.2681581,-200.6268489,0.078189659,-366.1608035,-200.5374586,0.088616618,-367.5379508,-200.3966643,0.089018349,-369.699509,-200.3027346,0.093517739,-374.1711025,-200.323092,0.081864661,-376.2759948,-200.2880132,0.064312109,0,0,0
-339.1533128,-201,0.09517246,-359.1824624,-201.0771147,0.056017098,-360.9911576,-200.9015663,0.063833775,-362.7920519,-200.7316926,0.073244344,-364.6028351,-200.6303624,0.077450202,-366.4976064,-200.5420839,0.088031308,-367.8749717,-200.4029588,0.08849457,-370.0376299,-200.3105538,0.093092442,-374.5291167,-200.3325552,0.081361958,-376.6355995,-200.2988777,0.063581067,0,0,0
-339.4578145,-201,0.094549777,-359.5136085,-201.0764881,0.055368398,-361.3234086,-200.9024181,0.062664022,-363.1252138,-200.7341124,0.072391221,-364.9377788,-200.6338786,0.076708643,-366.8346761,-200.5467128,0.087449543,-368.2122592,-200.4092582,0.087977721,-370.3760175,-200.3183812,0.092678992,-374.8873969,-200.3420168,0.080853121,-376.9954696,-200.3097502,0.06284694,0,0,0
-339.7626584,-201,0.093885265,-359.8450213,-201.0758611,0.05470157,-361.6559264,-200.9032705,0.061479845,-363.4586425,-200.7365342,0.07153488,-365.2729892,-200.6373977,0.07596479,-367.1720124,-200.5513454,0.086871223,-368.5498135,-200.4155627,0.087467621,-370.714672,-200.3262159,0.092276219,-375.2459426,-200.3514752,0.080336279,-376.9954696,-200.3097502,0.06284694,0,0,0
-340.0678446,-201,0.09317994,-360.1767008,-201.0752335,0.05401707,-361.9887108,-200.9041235,0.060281848,-363.7923379,-200.7389579,0.070675208,-365.6084664,-200.6409195,0.07521846,-367.5096154,-200.5559817,0.086296214,-368.8876344,-200.4218721,0.086964052,-371.0535934,-200.3340566,0.091882666,-375.6047536,-200.3609334,0.079813968,0,0,0,0,0,0
-340.3733729,-201,0.092434827,-360.508647,-201.0746054,0.053315353,-362.3217619,-200.9049773,0.059070637,-364.1263001,-200.7413835,0.069812102,-365.9442103,-200.6444442,0.074469478,-367.8474852,-200.5606217,0.08572435,-369.225722,-200.4281864,0.086466759,-371.3927813,-200.3419028,0.091497778,-375.9638283,-200.370398,0.079292754,0,0,0,0,0,0
-340.6792433,-201,0.091650955,-360.8408599,-201.0739768,0.052596877,-362.6550798,-200.9058318,0.057846816,-364.460529,-200.743811,0.068945472,-366.280221,-200.6479716,0.073717677,-368.1856216,-200.5652653,0.085155437,-369.5640763,-200.4345058,0.08597546,-371.7322358,-200.349755,0.09112158,-376.3231678,-200.3798722,0.078775303,0,0,0,0,0,0
-340.9854559,-201,0.090829361,-361.1733395,-201.0733478,0.051862101,-362.9886644,-200.9066869,0.056610989,-364.7950247,-200.7462406,0.068075243,-366.6164984,-200.6515019,0.072962903,-368.5240247,-200.5699125,0.084589263,-369.9026972,-200.4408301,0.085489845,-372.0719569,-200.3576134,0.090754111,-376.6827732,-200.3893548,0.078260153,0,0,0,0,0,0
-341.2920104,-201,0.089971086,-361.5060858,-201.0727182,0.051111483,-363.3225156,-200.9075427,0.055363759,-365.1297871,-200.748672,0.06720135,-366.9530424,-200.6550349,0.072205012,-368.8626945,-200.5745634,0.084025594,-370.2415848,-200.4471595,0.085009584,-372.4119445,-200.3654781,0.0903951,-377.0426442,-200.3988443,0.077745457,0,0,0,0,0,0
-341.5989069,-201,0.089077172,-361.8390988,-201.0720881,0.050345481,-363.6566336,-200.9083992,0.054105727,-365.4648162,-200.7511054,0.066323747,-367.2898532,-200.6585708,0.071443876,-369.201631,-200.579218,0.083464185,-370.5807391,-200.4534938,0.084534332,-372.7521988,-200.373349,0.090044082,-377.0426442,-200.3988443,0.077745457,0,0,0,0,0,0
-341.9061454,-201,0.088148663,-362.1723785,-201.0714575,0.049564557,-363.9910183,-200.9092564,0.052837497,-365.8001121,-200.7535407,0.065442401,-367.6269308,-200.6621094,0.070679382,-369.5408341,-200.5838763,0.082904778,-370.9201599,-200.4598331,0.084063727,-373.0927196,-200.3812261,0.089700546,0,0,0,0,0,0,0,0,0
-342.2137256,-201,0.087186606,-362.505925,-201.0708264,0.04876917,-364.3256697,-200.9101143,0.051559667,-366.1356747,-200.7559779,0.064557298,-367.964275,-200.6656509,0.069911431,-369.8803039,-200.5885382,0.082347108,-371.2598474,-200.4661773,0.083597399,-373.433507,-200.3891093,0.089364035,0,0,0,0,0,0,0,0,0
-342.5216477,-201,0.086192045,-362.8397382,-201.0701948,0.047959781,-364.6605879,-200.9109728,0.05027284,-366.471504,-200.7584171,0.06366844,-368.3018859,-200.6691952,0.069139943,-370.2200403,-200.5932037,0.081790903,-371.5998015,-200.4725266,0.083134968,-373.7745609,-200.3969986,0.089034108,0,0,0,0,0,0,0,0,0
-342.8299116,-201,0.085166022,-363.1738181,-201.0695627,0.04713685,-364.9957728,-200.9118321,0.048977614,-366.8076001,-200.7608583,0.062775849,-368.6397635,-200.6727422,0.068364855,-370.5600434,-200.597873,0.081235886,-371.9400223,-200.4788808,0.082676048,-374.1158814,-200.4048942,0.088710312,0,0,0,0,0,0,0,0,0
-343.1385171,-201,0.084109578,-363.5081647,-201.0689301,0.04630084,-365.3312244,-200.912692,0.047674589,-367.1439629,-200.7633013,0.061879564,-368.9779078,-200.6762921,0.067586121,-370.9003131,-200.6025459,0.080681778,-372.2805096,-200.48524,0.082220247,-374.4574684,-200.4127959,0.088392157,0,0,0,0,0,0,0,0,0
-343.4474642,-201,0.083023748,-363.842778,-201.0682969,0.045452213,-365.6669427,-200.9135526,0.046364366,-367.4805924,-200.7657463,0.060979645,-369.3163188,-200.6798447,0.066803716,-371.2408494,-200.6072224,0.0801283,-372.6212635,-200.4916042,0.081767174,-374.7993219,-200.4207037,0.088079134,0,0,0,0,0,0,0,0,0
-343.756753,-201,0.081909564,-364.1776581,-201.0676633,0.04459143,-366.0029277,-200.9144139,0.045047542,-367.8174887,-200.7681933,0.060076171,-369.6549965,-200.6834002,0.066017632,-371.5816523,-200.6119026,0.079575172,-372.962284,-200.4979733,0.081316433,-375.1414419,-200.4286178,0.087770728,0,0,0,0,0,0,0,0,0
-344.0663831,-201,0.080768052,-364.5128048,-201.0670292,0.043718955,-366.3391795,-200.9152759,0.043724717,-368.1546516,-200.7706421,0.059169242,-369.9939408,-200.6869584,0.065227881,-371.9227218,-200.6165865,0.079022113,-373.303571,-200.5043474,0.080867629,-375.4838284,-200.436538,0.087466427,0,0,0,0,0,0,0,0,0
-344.3763548,-201,0.07960023,-364.8482183,-201.0663946,0.042835249,-366.675698,-200.9161385,0.042396488,-368.4920813,-200.773093,0.058258979,-370.3331518,-200.6905195,0.064434493,-372.2640579,-200.621274,0.078468846,-373.6451246,-200.5107266,0.08042037,-375.8264814,-200.4444643,0.087165717,0,0,0,0,0,0,0,0,0
-344.6866678,-201,0.07840711,-365.1838985,-201.0657594,0.041940775,-367.0124832,-200.9170019,0.04106345,-368.8297777,-200.7755457,0.05734552,-370.6726295,-200.6940833,0.063637518,-372.6056605,-200.6259652,0.077915097,-373.9869447,-200.5171106,0.079974266,-376.1694009,-200.4523968,0.086868084,0,0,0,0,0,0,0,0,0
-344.9973221,-201,0.077189694,-365.5198455,-201.0651238,0.041035998,-367.3495351,-200.9178659,0.039726199,-369.1677407,-200.7780004,0.056429026,-371.0123737,-200.69765,0.062837024,-372.9475297,-200.6306601,0.077360595,-374.3290314,-200.5234997,0.07952893,-376.5125867,-200.4603355,0.086573017,0,0,0,0,0,0,0,0,0
-345.3083176,-201,0.075948979,-365.8560591,-201.0644876,0.04012138,-367.6868538,-200.9187306,0.03838533,-369.5059705,-200.780457,0.055509676,-371.3523847,-200.7012194,0.062033097,-373.2896655,-200.6353586,0.076805074,-374.6713846,-200.5298938,0.079083983,-376.8560391,-200.4682804,0.086280003,0,0,0,0,0,0,0,0,0
-345.6196542,-201,0.074685949,-366.1925395,-201.063851,0.039197384,-368.0244392,-200.919596,0.037041437,-369.844467,-200.7829156,0.054587669,-371.6926622,-200.7047917,0.061225839,-373.6320677,-200.6400608,0.076248276,-375.0140043,-200.5362928,0.078639051,-377.1997578,-200.4762314,0.085988538,0,0,0,0,0,0,0,0,0
-345.931332,-201,0.07340158,-366.5292866,-201.0632138,0.038264475,-368.3622912,-200.9204621,0.035695111,-370.1832301,-200.7853761,0.05366322,-372.0332064,-200.7083667,0.060415371,-373.9747365,-200.6447666,0.075689948,-375.3568904,-200.5426968,0.078193772,-377.5437429,-200.4841886,0.085698121,0,0,0,0,0,0,0,0,0
-346.2433507,-201,0.072096839,-366.8663004,-201.0625762,0.037323117,-368.70041,-200.9213288,0.034346946,-370.5222599,-200.7878385,0.052736561,-372.3740172,-200.7119446,0.059601829,-374.3176718,-200.6494761,0.075129848,-375.7000431,-200.5491058,0.077747791,-377.5437429,-200.4841886,0.085698121,0,0,0,0,0,0,0,0,0
-346.5557104,-201,0.07077268,-367.2035809,-201.061938,0.036373774,-369.0387955,-200.9221963,0.032997533,-370.8615564,-200.7903029,0.051807944,-372.7150946,-200.7155252,0.058785364,-374.6608736,-200.6541893,0.074567743,-376.0434621,-200.5555197,0.077300766,0,0,0,0,0,0,0,0,0,0,0,0
-346.8684109,-201,0.069430051,-367.5411281,-201.0612993,0.03541691,-369.3774477,-200.9230644,0.031647462,-371.2011196,-200.7927692,0.050877632,-373.0564385,-200.7191087,0.057966141,-375.0043419,-200.6589061,0.074003413,-376.3871477,-200.5619387,0.076852368,0,0,0,0,0,0,0,0,0,0,0,0
-347.1814522,-201,0.068069886,-367.878942,-201.0606602,0.034452991,-369.7163666,-200.9239332,0.030297324,-371.5409494,-200.7952374,0.049945904,-373.3980491,-200.7226949,0.05714434,-375.3480766,-200.6636266,0.073436648,-376.7310996,-200.5683626,0.07640228,0,0,0,0,0,0,0,0,0,0,0,0
-347.4948342,-201,0.066693109,-368.2170226,-201.0600205,0.03348248,-370.0555521,-200.9248027,0.028947705,-371.8810459,-200.7977076,0.04901305,-373.7399262,-200.726284,0.05632015,-375.6920778,-200.6683507,0.072867255,-377.075318,-200.5747914,0.075950204,0,0,0,0,0,0,0,0,0,0,0,0
-347.8085568,-201,0.065300637,-368.5553699,-201.0593803,0.032505843,-370.3950044,-200.9256729,0.027599195,-372.221409,-200.8001797,0.04807937,-374.0820698,-200.7298758,0.055493774,-376.0363454,-200.6730785,0.072295054,-377.4198027,-200.5812253,0.075495854,0,0,0,0,0,0,0,0,0,0,0,0
-348.12262,-201,0.063893373,-368.8939839,-201.0587396,0.031523545,-370.7347233,-200.9265437,0.026252376,-372.5620387,-200.8026538,0.047145175,-374.42448,-200.7334704,0.054665426,-376.3808793,-200.67781,0.071719881,-377.7645538,-200.5876641,0.075038965,0,0,0,0,0,0,0,0,0,0,0,0
-348.4370235,-201,0.062472213,-369.2328645,-201.0580984,0.030536052,-371.0747089,-200.9274153,0.024907833,-372.902935,-200.8051298,0.046210781,-374.7671567,-200.7370679,0.053835325,-376.7256797,-200.6825451,0.071141589,-377.7645538,-200.5876641,0.075038965,0,0,0,0,0,0,0,0,0,0,0,0
-348.7517675,-201,0.061038041,-369.5720119,-201.0574567,0.029543829,-371.4149612,-200.9282875,0.023566146,-373.244098,-200.8076077,0.045276512,-375.1100999,-200.7406681,0.053003703,-377.0707465,-200.6872839,0.070560047,0,0,0,0,0,0,0,0,0,0,0,0,0,0,0
-349.0668516,-201,0.059591733,-369.9114259,-201.0568145,0.028547341,-371.7554801,-200.9291604,0.022227891,-373.5855275,-200.8100876,0.044342696,-375.4533097,-200.7442711,0.052170795,-377.4160796,-200.6920263,0.069975142,0,0,0,0,0,0,0,0,0,0,0,0,0,0,0
-349.382276,-201,0.058134156,-370.2511065,-201.0561718,0.027547054,-372.0962656,-200.930034,0.020893642,-373.9272237,-200.8125694,0.043409666,-375.7967859,-200.747877,0.051336845,-377.761679,-200.6967724,0.069386777,0,0,0,0,0,0,0,0,0,0,0,0,0,0,0
-349.6980405,-201,0.056666169,-370.5910539,-201.0555286,0.026543431,-372.4373178,-200.9309083,0.019563968,-374.2691864,-200.8150531,0.042477756,-376.1405286,-200.7514856,0.050502099,-377.761679,-200.6967724,0.069386777,0,0,0,0,0,0,0,0,0,0,0,0,0,0,0
-350.0141449,-201,0.055188619,-370.9312678,-201.0548849,0.025536939,-372.7786367,-200.9317833,0.018239434,-374.6114157,-200.8175388,0.041547303,-376.4845377,-200.755097,0.04966681,0,0,0,0,0,0,0,0,0,0,0,0,0,0,0,0,0,0
-350.3305892,-201,0.053702347,-371.2717484,-201.0542407,0.02452804,-373.1202221,-200.9326589,0.016920599,-374.9539115,-200.8200264,0.040618644,-376.8288133,-200.7587112,0.04883123,0,0,0,0,0,0,0,0,0,0,0,0,0,0,0,0,0,0
-350.6473734,-201,0.052208188,-371.6124956,-201.0535959,0.023517197,-373.4620741,-200.9335352,0.015608016,-375.2966739,-200.822516,0.039692116,-377.1733553,-200.7623283,0.047995615,0,0,0,0,0,0,0,0,0,0,0,0,0,0,0,0,0,0
-350.9644972,-201,0.050706964,-371.9535095,-201.0529507,0.022504874,-373.8041928,-200.9344123,0.014302235,-375.6397028,-200.8250074,0.038768055,-377.5181637,-200.7659481,0.047160222,0,0,0,0,0,0,0,0,0,0,0,0,0,0,0,0,0,0
-351.2819606,-201,0.049199493,-372.2947899,-201.052305,0.021491531,-374.146578,-200.93529,0.013003795,-375.9829982,-200.8275009,0.037846794,-377.5181637,-200.7659481,0.047160222,0,0,0,0,0,0,0,0,0,0,0,0,0,0,0,0,0,0
-351.5997635,-201,0.047686585,-372.636337,-201.0516587,0.020477629,-374.4892298,-200.9361683,0.01171323,-376.3265601,-200.8299962,0.036928663,0,0,0,0,0,0,0,0,0,0,0,0,0,0,0,0,0,0,0,0,0
-351.9179058,-201,0.046169041,-372.9781506,-201.051012,0.019463624,-374.8321482,-200.9370474,0.010431062,-376.6703885,-200.8324935,0.036013988,0,0,0,0,0,0,0,0,0,0,0,0,0,0,0,0,0,0,0,0,0
-352.2363874,-201,0.044647655,-373.3202308,-201.0503648,0.018449973,-375.1753331,-200.9379271,0.009157811,-377.0144833,-200.8349927,0.035103091,0,0,0,0,0,0,0,0,0,0,0,0,0,0,0,0,0,0,0,0,0
-352.5552081,-201,0.043123215,-373.6625776,-201.049717,0.017437132,-375.5187845,-200.9388076,0.007893991,-377.3588446,-200.8374939,0.034196288,0,0,0,0,0,0,0,0,0,0,0,0,0,0,0,0,0,0,0,0,0
-352.8743679,-201,0.041596498,-374.005191,-201.0490687,0.01642555,-375.8625024,-200.9396887,0.006640111,-377.7034724,-200.839997,0.033293887,0,0,0,0,0,0,0,0,0,0,0,0,0,0,0,0,0,0,0,0,0
-353.1938667,-201,0.040068278,-374.3480708,-201.04842,0.015415678,-376.2064869,-200.9405705,0.005396661,-377.7034724,-200.839997,0.033293887,0,0,0,0,0,0,0,0,0,0,0,0,0,0,0,0,0,0,0,0,0
-353.5137043,-201,0.038539319,-374.6912172,-201.0477707,0.014407961,-376.5507378,-200.941453,0.004164102,0,0,0,0,0,0,0,0,0,0,0,0,0,0,0,0,0,0,0,0,0,0,0,0
-353.8338806,-201,0.037010376,-375.0346301,-201.047121,0.013402842,-376.8952552,-200.9423361,0.002942877,0,0,0,0,0,0,0,0,0,0,0,0,0,0,0,0,0,0,0,0,0,0,0,0
-354.1543955,-201,0.035482199,-375.3783096,-201.0464707,0.01240076,-377.2400391,-200.9432199,0.00173346,0,0,0,0,0,0,0,0,0,0,0,0,0,0,0,0,0,0,0,0,0,0,0,0
-354.4752489,-201,0.033955529,-375.7222555,-201.0458199,0.01140215,-377.5850894,-200.9441044,0.000536393,0,0,0,0,0,0,0,0,0,0,0,0,0,0,0,0,0,0,0,0,0,0,0,0
-354.7964407,-201,0.032431097,-376.0664678,-201.0451686,0.010407444,-377.5850894,-200.9441044,0.000536393,0,0,0,0,0,0,0,0,0,0,0,0,0,0,0,0,0,0,0,0,0,0,0,0
-355.1179707,-201,0.030909629,-376.4109467,-201.0445168,0.009417066,0,0,0,0,0,0,0,0,0,0,0,0,0,0,0,0,0,0,0,0,0,0,0,0,0,0,0
-355.4398388,-201,0.029391839,-376.7556919,-201.0438646,0.00843144,0,0,0,0,0,0,0,0,0,0,0,0,0,0,0,0,0,0,0,0,0,0,0,0,0,0,0
-355.762045,-201,0.027878434,-377.1007036,-201.0432118,0.007450982,0,0,0,0,0,0,0,0,0,0,0,0,0,0,0,0,0,0,0,0,0,0,0,0,0,0,0
-356.084589,-201,0.026370112,-377.4459817,-201.0425585,0.006476101,0,0,0,0,0,0,0,0,0,0,0,0,0,0,0,0,0,0,0,0,0,0,0,0,0,0,0
-356.4074707,-201,0.02486756,-377.7915262,-201.0419047,0.005507205,0,0,0,0,0,0,0,0,0,0,0,0,0,0,0,0,0,0,0,0,0,0,0,0,0,0,0
-356.73069,-201,0.023371457,-377.7915262,-201.0419047,0.005507205,0,0,0,0,0,0,0,0,0,0,0,0,0,0,0,0,0,0,0,0,0,0,0,0,0,0,0
-357.0542469,-201,0.021882472,0,0,0,0,0,0,0,0,0,0,0,0,0,0,0,0,0,0,0,0,0,0,0,0,0,0,0,0,0,0
-357.378141,-201,0.020401261,0,0,0,0,0,0,0,0,0,0,0,0,0,0,0,0,0,0,0,0,0,0,0,0,0,0,0,0,0,0
-357.7023724,-201,0.018928472,0,0,0,0,0,0,0,0,0,0,0,0,0,0,0,0,0,0,0,0,0,0,0,0,0,0,0,0,0,0
-358.0269409,-201,0.017464741,0,0,0,0,0,0,0,0,0,0,0,0,0,0,0,0,0,0,0,0,0,0,0,0,0,0,0,0,0,0
-358.3518462,-201,0.016010694,0,0,0,0,0,0,0,0,0,0,0,0,0,0,0,0,0,0,0,0,0,0,0,0,0,0,0,0,0,0
-358.6770884,-201,0.014566942,0,0,0,0,0,0,0,0,0,0,0,0,0,0,0,0,0,0,0,0,0,0,0,0,0,0,0,0,0,0
-359.0026672,-201,0.013134087,0,0,0,0,0,0,0,0,0,0,0,0,0,0,0,0,0,0,0,0,0,0,0,0,0,0,0,0,0,0
-359.3285826,-201,0.011712717,0,0,0,0,0,0,0,0,0,0,0,0,0,0,0,0,0,0,0,0,0,0,0,0,0,0,0,0,0,0
-359.6548343,-201,0.01030341,0,0,0,0,0,0,0,0,0,0,0,0,0,0,0,0,0,0,0,0,0,0,0,0,0,0,0,0,0,0
-359.9814222,-201,0.008906727,0,0,0,0,0,0,0,0,0,0,0,0,0,0,0,0,0,0,0,0,0,0,0,0,0,0,0,0,0,0
-360.3083462,-201,0.007523219,0,0,0,0,0,0,0,0,0,0,0,0,0,0,0,0,0,0,0,0,0,0,0,0,0,0,0,0,0,0
-360.6356061,-201,0.006153422,0,0,0,0,0,0,0,0,0,0,0,0,0,0,0,0,0,0,0,0,0,0,0,0,0,0,0,0,0,0
-360.9632018,-201,0.004797859,0,0,0,0,0,0,0,0,0,0,0,0,0,0,0,0,0,0,0,0,0,0,0,0,0,0,0,0,0,0
-361.2911331,-201,0.003457038,0,0,0,0,0,0,0,0,0,0,0,0,0,0,0,0,0,0,0,0,0,0,0,0,0,0,0,0,0,0
-361.6193999,-201,0.002131454,0,0,0,0,0,0,0,0,0,0,0,0,0,0,0,0,0,0,0,0,0,0,0,0,0,0,0,0,0,0
-361.948002,-201,0.000821587,0,0,0,0,0,0,0,0,0,0,0,0,0,0,0,0,0,0,0,0,0,0,0,0,0,0,0,0,0,0
-362.2769393,-201,-0.000472098,0,0,0,0,0,0,0,0,0,0,0,0,0,0,0,0,0,0,0,0,0,0,0,0,0,0,0,0,0,0
-362.6062115,-201,-0.00174915,0,0,0,0,0,0,0,0,0,0,0,0,0,0,0,0,0,0,0,0,0,0,0,0,0,0,0,0,0,0
-362.9358186,-201,-0.003009133,0,0,0,0,0,0,0,0,0,0,0,0,0,0,0,0,0,0,0,0,0,0,0,0,0,0,0,0,0,0
-363.2657604,-201,-0.004251625,0,0,0,0,0,0,0,0,0,0,0,0,0,0,0,0,0,0,0,0,0,0,0,0,0,0,0,0,0,0
-363.5960367,-201,-0.005476222,0,0,0,0,0,0,0,0,0,0,0,0,0,0,0,0,0,0,0,0,0,0,0,0,0,0,0,0,0,0
-363.9266474,-201,-0.006682533,0,0,0,0,0,0,0,0,0,0,0,0,0,0,0,0,0,0,0,0,0,0,0,0,0,0,0,0,0,0
-364.2575923,-201,-0.007870181,0,0,0,0,0,0,0,0,0,0,0,0,0,0,0,0,0,0,0,0,0,0,0,0,0,0,0,0,0,0
-364.5888712,-201,-0.009038806,0,0,0,0,0,0,0,0,0,0,0,0,0,0,0,0,0,0,0,0,0,0,0,0,0,0,0,0,0,0
-364.920484,-201,-0.010188064,0,0,0,0,0,0,0,0,0,0,0,0,0,0,0,0,0,0,0,0,0,0,0,0,0,0,0,0,0,0
-365.2524305,-201,-0.011317623,0,0,0,0,0,0,0,0,0,0,0,0,0,0,0,0,0,0,0,0,0,0,0,0,0,0,0,0,0,0
-365.5847105,-201,-0.012427168,0,0,0,0,0,0,0,0,0,0,0,0,0,0,0,0,0,0,0,0,0,0,0,0,0,0,0,0,0,0
-365.9173239,-201,-0.013516401,0,0,0,0,0,0,0,0,0,0,0,0,0,0,0,0,0,0,0,0,0,0,0,0,0,0,0,0,0,0
-366.2502704,-201,-0.014585034,0,0,0,0,0,0,0,0,0,0,0,0,0,0,0,0,0,0,0,0,0,0,0,0,0,0,0,0,0,0
-366.5835501,-201,-0.015632798,0,0,0,0,0,0,0,0,0,0,0,0,0,0,0,0,0,0,0,0,0,0,0,0,0,0,0,0,0,0
-366.9171625,-201,-0.016659438,0,0,0,0,0,0,0,0,0,0,0,0,0,0,0,0,0,0,0,0,0,0,0,0,0,0,0,0,0,0
-367.2511077,-201,-0.017664711,0,0,0,0,0,0,0,0,0,0,0,0,0,0,0,0,0,0,0,0,0,0,0,0,0,0,0,0,0,0
-367.5853853,-201,-0.018648391,0,0,0,0,0,0,0,0,0,0,0,0,0,0,0,0,0,0,0,0,0,0,0,0,0,0,0,0,0,0
-367.9199953,-201,-0.019610265,0,0,0,0,0,0,0,0,0,0,0,0,0,0,0,0,0,0,0,0,0,0,0,0,0,0,0,0,0,0
-368.2549375,-201,-0.020550134,0,0,0,0,0,0,0,0,0,0,0,0,0,0,0,0,0,0,0,0,0,0,0,0,0,0,0,0,0,0
-368.5902116,-201,-0.021467813,0,0,0,0,0,0,0,0,0,0,0,0,0,0,0,0,0,0,0,0,0,0,0,0,0,0,0,0,0,0
-368.9258175,-201,-0.022363131,0,0,0,0,0,0,0,0,0,0,0,0,0,0,0,0,0,0,0,0,0,0,0,0,0,0,0,0,0,0
-369.2617551,-201,-0.023235929,0,0,0,0,0,0,0,0,0,0,0,0,0,0,0,0,0,0,0,0,0,0,0,0,0,0,0,0,0,0
-369.5980241,-201,-0.024086064,0,0,0,0,0,0,0,0,0,0,0,0,0,0,0,0,0,0,0,0,0,0,0,0,0,0,0,0,0,0
-369.9346244,-201,-0.024913404,0,0,0,0,0,0,0,0,0,0,0,0,0,0,0,0,0,0,0,0,0,0,0,0,0,0,0,0,0,0
-370.2715557,-201,-0.025717831,0,0,0,0,0,0,0,0,0,0,0,0,0,0,0,0,0,0,0,0,0,0,0,0,0,0,0,0,0,0
-370.608818,-201,-0.026499238,0,0,0,0,0,0,0,0,0,0,0,0,0,0,0,0,0,0,0,0,0,0,0,0,0,0,0,0,0,0
-370.946411,-201,-0.027257531,0,0,0,0,0,0,0,0,0,0,0,0,0,0,0,0,0,0,0,0,0,0,0,0,0,0,0,0,0,0
-371.2843345,-201,-0.027992629,0,0,0,0,0,0,0,0,0,0,0,0,0,0,0,0,0,0,0,0,0,0,0,0,0,0,0,0,0,0
-371.6225884,-201,-0.028704462,0,0,0,0,0,0,0,0,0,0,0,0,0,0,0,0,0,0,0,0,0,0,0,0,0,0,0,0,0,0
-371.9611724,-201,-0.029392969,0,0,0,0,0,0,0,0,0,0,0,0,0,0,0,0,0,0,0,0,0,0,0,0,0,0,0,0,0,0
-372.3000864,-201,-0.030058104,0,0,0,0,0,0,0,0,0,0,0,0,0,0,0,0,0,0,0,0,0,0,0,0,0,0,0,0,0,0
-372.6393303,-201,-0.030699828,0,0,0,0,0,0,0,0,0,0,0,0,0,0,0,0,0,0,0,0,0,0,0,0,0,0,0,0,0,0
-372.9789037,-201,-0.031318115,0,0,0,0,0,0,0,0,0,0,0,0,0,0,0,0,0,0,0,0,0,0,0,0,0,0,0,0,0,0
-373.3188066,-201,-0.031912948,0,0,0,0,0,0,0,0,0,0,0,0,0,0,0,0,0,0,0,0,0,0,0,0,0,0,0,0,0,0
-373.6590387,-201,-0.032484318,0,0,0,0,0,0,0,0,0,0,0,0,0,0,0,0,0,0,0,0,0,0,0,0,0,0,0,0,0,0
-373.9995998,-201,-0.03303223,0,0,0,0,0,0,0,0,0,0,0,0,0,0,0,0,0,0,0,0,0,0,0,0,0,0,0,0,0,0
-374.3404898,-201,-0.033556693,0,0,0,0,0,0,0,0,0,0,0,0,0,0,0,0,0,0,0,0,0,0,0,0,0,0,0,0,0,0
-374.6817085,-201,-0.03405773,0,0,0,0,0,0,0,0,0,0,0,0,0,0,0,0,0,0,0,0,0,0,0,0,0,0,0,0,0,0
-375.0232556,-201,-0.034535368,0,0,0,0,0,0,0,0,0,0,0,0,0,0,0,0,0,0,0,0,0,0,0,0,0,0,0,0,0,0
-375.3651311,-201,-0.034989648,0,0,0,0,0,0,0,0,0,0,0,0,0,0,0,0,0,0,0,0,0,0,0,0,0,0,0,0,0,0
-375.7073346,-201,-0.035420614,0,0,0,0,0,0,0,0,0,0,0,0,0,0,0,0,0,0,0,0,0,0,0,0,0,0,0,0,0,0
-376.049866,-201,-0.035828322,0,0,0,0,0,0,0,0,0,0,0,0,0,0,0,0,0,0,0,0,0,0,0,0,0,0,0,0,0,0
-376.3927252,-201,-0.036212835,0,0,0,0,0,0,0,0,0,0,0,0,0,0,0,0,0,0,0,0,0,0,0,0,0,0,0,0,0,0
-376.7359118,-201,-0.036574224,0,0,0,0,0,0,0,0,0,0,0,0,0,0,0,0,0,0,0,0,0,0,0,0,0,0,0,0,0,0
-377.0794258,-201,-0.036912567,0,0,0,0,0,0,0,0,0,0,0,0,0,0,0,0,0,0,0,0,0,0,0,0,0,0,0,0,0,0
-377.4232669,-201,-0.037227951,0,0,0,0,0,0,0,0,0,0,0,0,0,0,0,0,0,0,0,0,0,0,0,0,0,0,0,0,0,0
-377.4232669,-201,-0.037227951,0,0,0,0,0,0,0,0,0,0,0,0,0,0,0,0,0,0,0,0,0,0,0,0,0,0,0,0,0,0
